connecting...
ok
 select MEASUR_NUM, TIME_SAVE, TEST_START, ME11_state, HV_ME11, HV_SETTING1, RUN_COMMENT, SOURCE_STATE,  ATTENUAT_UP, TMB_DUMP_TIME from gif_ageing_tab  where  MEASUR_TYPE='Dark rate' and RUN_TYPE='TMB dump (test 27s)' and ME11_state='on'  and HV_ME11=0 order by MEASUR_NUM 


   A#                start time                        HV SRCdwn t[sec]       0ALCT:      13CLCT:      14CLCT:      15CLCT:      16CLCT:      17CLCT:      18CLCT:      19CLCT:      20CLCT:         TMB:         L1A:    comment
 1131    25-FEB-2016 , 12:59:36                         0    off    10            4          210            0            0            0            0          210            0            0            0            0     
 1203    03-MAR-2016 , 11:09:14                         0    off    10            8          614            1            1            0            0          613            0            0            1            0     
 1321    10-MAR-2016 , 16:18:38                         0    off    10            0           86            0            0            0            0           86            0            0            0            0     30 s
 1367    01-APR-2016 , 16:46:32                         0    off    10            0           31            0            0            0            0           31            0            0            0            0     
 1423    04-APR-2016 , 11:42:28                         0    off    10            0           24            0            0            0            0           23            0            1            0            0     
 1517    14-APR-2016 , 14:59:21                         0    off  None            0            8            0            0            0            0            8            0            0            0            0     
 1687    11-MAY-2016 , 11:20:37                         0    off    10            0            5            0            0            0            0            5            0            0            0            0     30s
 1816    26-MAY-2016 , 16:27:18                         0    off    10            0          830            0            0            0            0          830            0            0            0            0     
 1874    15-JUN-2016 , 12:08:25                         0    off    10            2          238            0            0            0            0          238            0            0            0            0     
 2070    29-JUN-2016 , 15:31:54                         0    off    10            0          302            0            0            0            0          302            0            0            0           72     
 2169    06-JUL-2016 , 15:50:51                         0    off    10            0          458            0            0            0            0          458            0            0            0            0     
 2212    13-JUL-2016 , 11:59:27                         0    off    10            0          378            0            0            0            0          378            0            0            0            0     
 2403    20-JUL-2016 , 12:50:59                         0    off    10            2          524            0            0            0            0          524            0            0            0            0     
 2575    03-AUG-2016 , 11:27:14                         0    off  None            0          332            0            0            0            0          332            0            0            0            0     
 2669    10-AUG-2016 , 10:15:57                         0    off    10            3          886            0            0            0            0          886            0            0            0            0     
 2774    31-AUG-2016 , 10:42:33                         0    off    10            2         1198            0            0            0            0         1198            0            0            0            0     
 2929    21-SEP-2016 , 14:56:44                         0    off    10            0          532            0            0            0            0          532            0            0            0          639     
 2955    09-OCT-2016 , 00:36:21                         0    off    10           22          257            0            0            0            0          257            0            0            0            0     
 3147    19-OCT-2016 , 14:19:39                         0    off    10            0          220            0            0            0            0          220            0            0            0            0     
 3212    26-OCT-2016 , 10:38:42                         0    off    10            0           14            0            0            0            0           14            0            0            0            0     beam off from 08:45 am
 3396    02-NOV-2016 , 13:38:53                         0    off    10            0         1255            0            0            0            0         1255            0            0            0            0     
 3474    09-NOV-2016 , 10:46:04                         0    off    10            9          595            0            0            0            0          595            0            0            0        12976     
 3665    16-NOV-2016 , 12:35:27                         0    off    10            0          452            0            0            0            0          452            0            0            0            0     
 3793    23-NOV-2016 , 13:04:13                         0    off    10            0          501            0            0            0            0          501            0            0            0            0     
 3931    16-DEC-2016 , 12:28:46                         0    off    10            1         2206            0            0            0            0         2206            0            0            0            0     
 4022    17-JAN-2017 , 14:45:39                         0    off    10            0         1894            0            0            0            0         1894            0            0            0            0     
 4339    25-JAN-2017 , 13:07:38                         0    off    10            1         1625            0            0            0            0         1625            0            0            0            0     
 4411    01-FEB-2017 , 10:18:12                         0    off    10           12         1440            0            0            0            0         1440            0            0            0            0     
 4556    08-FEB-2017 , 10:21:43                         0    off  None            6          590            0            0            0            0          590            0            0            0            0     
 4565    08-FEB-2017 , 16:02:52                         0    off    10            0         1229            0            0            0            0         1229            0            0            0         6460     
 4682    15-FEB-2017 , 10:04:43                         0    off    10           28          304            0            0            0            0          304            0            0            0            0     
 4815    22-FEB-2017 , 10:06:44                         0    off    10            3          194            0            0            0            0          194            0            0            0            0     
 4978    01-MAR-2017 , 09:58:41                         0    off    10           18          192            0            0            0            0          192            0            0            0            0     
 5113    08-MAR-2017 , 10:06:52                         0    off    10           24          209            0            0            0            0          209            0            0            0            0     
 5122    08-MAR-2017 , 11:14:16                         0    off    10            0          762            0            0            0            0          762            0            0            0            0     
 5251    15-MAR-2017 , 09:50:28                         0    off    10           32          475            0            0            0            0          475            0            0            0            0     
 5367    07-APR-2017 , 17:23:22                         0    off    10            0          488            0            0            0            0          488            0            0            0            0     Dark current 27s TMB dump
 5502    19-APR-2017 , 10:28:24                         0    off    10            4          518            0            0            0            0          518            0            0            0            0     
 5598    24-APR-2017 , 09:24:09                         0    off    10           20          577            0            0            0            0          577            0            0            0            0     
 5688    05-MAY-2017 , 17:02:43                         0    off    10            0          710            0            0            0            0          710            0            0            0            0     
 5777    31-MAY-2017 , 13:51:47                         0    off    10            0         3060            0            0            0            0         3060            0            0            0            0     
 5880    07-JUN-2017 , 11:04:03                         0    off    10            0         5677            0            0            0            0         5677            0            0            0            0     
 5983    21-JUN-2017 , 11:44:32                         0    off    10            0         2852            0            0            0            0         2852            0            0            0            0     
 6091    28-JUN-2017 , 11:48:56                         0    off    10            0         2587            0            0            0            0         2587            0            0            0            0     
 6140    05-JUL-2017 , 10:11:38                         0    off    10            2         2882            0            0            0            0         2882            0            0            0            0     
 6230    12-JUL-2017 , 17:04:50                         0    off    30            0        13538            0            0            0            0        13538            0            0            0            0     
 6231    12-JUL-2017 , 17:20:08                         0    off    30            0         9805            0            0            0            0         9805            0            0            0            0     
 6239    19-JUL-2017 , 11:10:35                         0    off    10            0         3156            0            0            0            0         3156            0            0            0            0     
 6340    26-JUL-2017 , 09:42:23                         0    off    10            7         2936            0            0            0            0         2936            0            0            0            0     
 6439    02-AUG-2017 , 10:12:13                         0    off    10            9         2918            0            0            0            0         2918            0            0            0            0     
 6522    02-AUG-2017 , 16:15:42                         0    off    10            0         2532            0            0            0            0         2532            0            0            0            0     very likely they are doing some kind of beam test
 6526    03-AUG-2017 , 12:49:10                         0    off    10            0         7746            0            0            0            0         7746            0            0            0            0     very likely they are doing some kind of beam test
 6529    09-AUG-2017 , 08:57:51                         0    off    10            0         7768            0            0            0            0         7768            0            0            0            0     very likely they are doing some kind of beam test
 6615    30-AUG-2017 , 09:35:39                         0    off    10            0         8463            0            0            0            0         8463            0            0            0            0     
 6631    30-AUG-2017 , 10:17:58                         0    off    10            0         3434            0            0            0            0         3434            0            0            0            0     Write flash all crates
 6635    30-AUG-2017 , 13:01:52                         0    off    10            0        12341            0            0            0            0        12341            0            0            0            0     
 6672    06-SEP-2017 , 17:35:13                         0    off    10            0        10237            0            0            0            0        10237            0            0            0            0     
 6714    13-SEP-2017 , 09:38:43                         0    off    10           10         4097            0            0            0            0         4097            0            0            0            0     
 6759    20-SEP-2017 , 09:35:10                         0    off    10            8         3868            0            0            0            0         3868            0            0            0            0     
 6801    02-OCT-2017 , 10:11:59                         0    off    10            0         8981            0            0            0            0         8981            0            0            0            0     
 6838    18-OCT-2017 , 09:41:46                         0    off    10            0         3541            0            0            0            0         3541            0            0            0            0     
 6897    25-OCT-2017 , 10:16:09                         0    off    10            4         4614            0            0            0            0         4614            0            0            0            0     
 6970    01-NOV-2017 , 10:06:59                         0    off    10            8         4672            0            0            0            0         4672            0            0            0            0     
 7014    15-NOV-2017 , 08:55:28                         0    off    10            0         5690            0            0            0            0         5690            0            0            0            0     
 7054    22-NOV-2017 , 09:36:44                         0    off    10            0        10033            0            0            0            0        10033            0            0            0            0     
 7102    29-NOV-2017 , 09:38:25                         0    off    10            3         4374            0            0            0            0         4374            0            0            0            0     
 7158    13-DEC-2017 , 09:22:11                         0    off    10            2         3733            0            0            0            0         3733            0            0            0            0     
 7196    17-JAN-2018 , 17:25:24                         0    off    10            0         7524            0            0            0            0         7524            0            0            0            0     
 7211    19-JAN-2018 , 12:06:17                         0    off    10            0         6569            0            0            0            0         6569            0            0            0            0     
 7244    24-JAN-2018 , 09:17:12                         0    off    10            4         7093            0            0            0            0         7093            0            0            0            0     
 7289    31-JAN-2018 , 09:04:02                         0    off    10            7         7612            0            0            0            0         7612            0            0            0            0     
 7324    31-JAN-2018 , 10:48:44                         0    off    10            0        15690            0            0            0            0        15690            0            0            0            0     
 7335    14-FEB-2018 , 10:35:31                         0    off    10            0        11652            0            0            0            0        11652            0            0            0            0     
 7425    28-FEB-2018 , 09:40:50                         0    off    10            3         1675            0            0            0            0         1675            0            0            0            0     
 7478    28-MAR-2018 , 13:43:52                         0    off    10            0         7497            0            0            0            0         7497            0            0            0            0     
 7533    04-APR-2018 , 09:52:02                         0    off    10            6         1767            1            1            1            0         1766            0            0            1            1     
 7583    11-APR-2018 , 09:50:25                         0    off    10            7         2658            0            0            0            0         2658            0            0            0            0     
 7622    18-APR-2018 , 08:59:45                         0    off    10            0         6542            0            0            0            0         6542            0            0            0            0     
 7665    25-APR-2018 , 11:29:20                         0    off    10            0         4249            0            0            0            0         4249            0            0            0            0     
 7731    16-MAY-2018 , 09:53:43                         0    off    10            6         2892            0            0            0            0         2891            0            1            0            0     
 7776    23-MAY-2018 , 10:09:59                         0    off    10            3         2531            0            0            0            0         2531            0            0            0            0     
 7818    06-JUN-2018 , 15:43:25                         0    off    10            0         1914            0            0            0            0         1914            0            0            0            0     
 7864    13-JUN-2018 , 09:36:14                         0    off    10            3         2148            0            0            0            0         2148            0            0            0            0     
 7897    13-JUN-2018 , 11:23:14                         0    off    10            1         3818            0            0            0            0         3818            0            0            0            0     
 7918    20-JUN-2018 , 09:39:26                         0    off    10           32           78            0            0            0            0           78            0            0            0            0     
 7919    20-JUN-2018 , 10:45:11                         0    off    10            4           51            0            0            0            0           51            0            0            0            0     
 7967    27-JUN-2018 , 09:42:11                         0    off    10           12           20            0            0            0            0           20            0            0            0            0     
 8013    04-JUL-2018 , 09:31:06                         0    off    10            6           88            0            0            0            0           88            0            0            0            0     
 8061    11-JUL-2018 , 10:31:03                         0    off    10            4           74            0            0            0            0           74            0            0            0            0     
 8107    18-JUL-2018 , 09:31:51                         0    off    10            4           47            0            0            0            0           47            0            0            0            0     
 8154    25-JUL-2018 , 10:04:48                         0    off    10            0           78            0            0            0            0           78            0            0            0            0     
 8195    01-AUG-2018 , 08:25:25                         0    off    10            1         8621            0            0            0            0         8621            0            0            0            0     outer layers off
 8232    01-AUG-2018 , 12:25:46                         0    off    10            0        10173            0            0            0            0        10173            0            0            0            0     
 8242    03-AUG-2018 , 08:52:01                         0    off    10        25324        50344        15426          443         2758            0        31147         1966           27         9740            0     
 8325    05-SEP-2018 , 09:38:15                         0    off    10            1        11973            0            0            0            0        11973            0            0            0            0     
 8373    19-SEP-2018 , 09:52:09                         0    off    10            0        13664            0            0            0            0        13664            0            0            0            0     
 8418    26-SEP-2018 , 09:36:21                         0    off    10            0        14806            0            0            0            0        14806            0            0            0            0     
 8465    03-OCT-2018 , 09:46:13                         0    off    10            2        15388            0            0            0            0        15388            0            0            0            0     
 8513    10-OCT-2018 , 09:41:10                         0    off    10            6        16358            0            0            0            0        16358            0            0            0            0     
 8559    17-OCT-2018 , 09:33:01                         0    off    10            5        16365            0            0            0            0        16365            0            0            0            0     
 8599    24-OCT-2018 , 09:33:57                         0    off    10            0        17893            0            0            0            0        17893            0            0            0            0     
 8636    31-OCT-2018 , 08:45:08                         0    off    10            0        24814            0            0            0            0        24814            0            0            0            0     
 8728    18-FEB-2019 , 13:36:19                         0    off    10            0        30458            0            0            0            0        30458            0            0            0            0     
 8744    27-FEB-2019 , 15:09:14                         0    off    10            0        27016            0            0            0            0        27016            0            0            0            0     
 8787    07-MAR-2019 , 17:43:25                         0    off    10           18        25840            0            0            0            0        25840            0            0            0            0     
 8802    27-MAR-2019 , 11:20:02                         0    off    10            0        24609            0            0            0            0        24609            0            0            0            0     DCFEB#5 - noise depends on the flat cable position but could not be better than 2.5kHz
 8849    08-MAY-2019 , 17:37:25                         0    off    10            0        24936            0            0            0            0        24936            0            0            0            0     
 8867    15-MAY-2019 , 15:38:42                         0    off    10            0        17620            0            0            0            0        17620            0            0            0            0     
 8940    19-JUN-2019 , 17:31:41                         0    off    10            0        28094            0            0            0            0        28094            0            0            0            0     
 8959    20-JUN-2019 , 18:43:48                         0    off    10            0        26208            0            0            0            0        26208            0            0            0            0     four afebs are replaced (#4 LL12, #3 LL34, #4 LL34, #6 LL12) thresholds corrected
 9003    26-JUN-2019 , 17:55:18                         0    off    10            0        25350            0            0            0            0        25350            0            0            0            0     
 9051    13-NOV-2019 , 19:02:02                         0    off    10            0            0            0            0            0            0            0            0            0            0            0     R_Pi_me11_GG_01.11.19
 9143    24-JAN-2020 , 15:30:12                         0    off    10            0            0            0            0            0            0            0            0            0            0            0     DCFEB2 disabled in DAQ
 9162    29-JAN-2020 , 15:43:11                         0    off    10            0            0            0            0            0            0            0            0            0            0            0     
 9257    03-JUN-2020 , 17:25:24                         0    off    10            0            0            0            0            0            0            0            0            0            0            0     
 9300    17-FEB-2021 , 14:58:22                         0    off    10            0            0            0            0            0            0            0            0            0            0            0     4000
 9351    03-MAR-2021 , 14:25:57                         0    off    10            0            0            0            0            0            0            0            0            0            0            0     
 9388    10-MAR-2021 , 11:00:00                         0    off    10            0            0            0            0            0            0            0            0            0            0            0     
 9422    17-MAR-2021 , 14:10:17                         0    off    10            0            0            0            0            0            0            0            0            0            0            0     
 9481    31-MAR-2021 , 12:49:15                         0    off   100            0            0            0            0            0            0            0            0            0            0            0     
 9542    14-APR-2021 , 11:09:00                         0    off    10            0            0            0            0            0            0            0            0            0            0            0     
 9574    21-APR-2021 , 10:40:14                         0    off    10            0            0            0            0            0            0            0            0            0            0            0     
 9609    28-APR-2021 , 10:22:32                         0      6    10    144710193            0            0            0            0            0            0            0            0            0            0     
 9630    05-MAY-2021 , 12:21:04                         0    off    10            0            0            0            0            0            0            0            0            0            0            0     MM in front still not lifted
 9638    05-MAY-2021 , 15:05:59                         0    off    10            0            0            0            0            0            0            0            0            0            0            0     MM in front still not lifted
 9669    12-MAY-2021 , 10:20:01                         0    off    10            0            0            0            0            0            0            0            0            0            0            0     MM in front still not lifted
 9705    19-MAY-2021 , 11:14:13                         0    off    10            0            0            0            0            0            0            0            0            0            0            0     MM in front still not lifted
 9741    26-MAY-2021 , 16:44:55                         0    off    10            0            0            0            0            0            0            0            0            0            0            0     
 9777    02-JUN-2021 , 14:06:00                         0    off    10            0            0            0            0            0            0            0            0            0            0            0     
 9812    23-JUN-2021 , 11:07:47                         0    off    10            0            0            0            0            0            0            0            0            0            0            0     
 9850    07-JUL-2021 , 11:27:39                         0    off    10            3            0            0            0            0            0            0            0            0            0            0     
 9892    11-AUG-2021 , 14:19:40                         0    off    10            0            0            0            0            0            0            0            0            0            0            0     after getting very high rates this morning, restarted everything and it was fine so now beginning usual Dark Rate Measurements
 9925    29-SEP-2021 , 14:48:41                         0    off    10            0            0            0            0            0            0            0            0            0            0            0     
 9936    06-OCT-2021 , 13:05:04                         0    off    10            1            0            0            0            0            0            0            0            0            0            0     After Troubleshooting ALCT issues - reuploading firmware seems to have resolved the problem - at least for now. Trying a few tests
 9944    03-NOV-2021 , 11:05:44                         0    off    10            0            0            0            0            0            0            0            0            0            0            0     Now at 10% CF4
 9997    10-NOV-2021 , 15:26:03                         0    off    10            0            0            0            0            0            0            0            0            0            0            0     Now at 10% CF4
10030    02-FEB-2022 , 10:50:15                         0    off    10            0            0            0            0            0            0            0            0            0            0            0     Now at 10% CF4
10131    30-MAR-2022 , 14:56:11                         0    off    10            0            0            0            0            0            0            0            0            0            0            0     
10162    13-APR-2022 , 10:19:30                         0    off    10            0            0            0            0            0            0            0            0            0            0            0     test27 (m#8178) VME.xml -> VME_ME11_ME21.xml TestSpecificVME.xml -> TestSpecificVME_ageing.xml
10234    13-JUL-2022 , 14:20:22                         0    off    10            0            0            0            0            0            0            0            0            0            0            0     
10404    31-AUG-2022 , 15:29:35                         0    off    10            0            0            0            0            0            0            0            0            0            0         4175     5% CF4 closed loop
10479    07-SEP-2022 , 15:12:32                         0    off    10            4            0            0            0            0            0            0            0            0            0            0     5% CF4 closed loop
10559    14-SEP-2022 , 16:31:37                         0    off    10            0            0            0            0            0            0            0            0            0            0            0     5% CF4 closed loop
10638    21-SEP-2022 , 17:17:50                         0    off    10            0            0            0            0            0            0            0            0            0            0            0     5% CF4 closed loop
10673    28-SEP-2022 , 12:19:12                         0    off    10            0            0            0            0            0            0            0            0            0            0       821108     5% CF4 closed loop Reference currents with source ON.
10755    05-OCT-2022 , 11:43:49                         0    off    10            0            0            0            0            0            0            0            0            0            0            0     5% CF4 closed loop
10835    12-OCT-2022 , 10:59:03                         0    off    10            2            0            0            0            0            0            0            0            0            0            0     5% CF4 closed loop Dark rates test 11: 30s Dark rates test 27s: 50k Events
done
