25	100	1000
layer1_strips12	622		59.5469 5.7511	0	50.2164 63.3948
layer1_strips23	1151		61.8946 7.48879	0	62.3635 0.645624
layer2_strips12	706		19.3006 5.91683	0	14.4276 5.43921
layer2_strips23	884		18.0672 5.92537	0	16.0995 2.11865
layer3_strips12	1059		67.9935 8.01409	0	68.2443 1.44423
layer3_strips23	1086		59.5346 7.09784	0	60.495 3.68557
layer4_strips12	842		19.8606 6.17593	0	16.085 2.81453
layer4_strips23	1551		29.9802 4.65113	4	30.3531 2.37287
layer5_strips12	642		74.3524 4.97914	0	63.5923 1.5219
layer5_strips23	1813		100.684 5.96371	0	98.8959 1.54601
