25	10	1000
layer1_strips12	636		25.1602 0.0558489	0	23.1398 0.468451
layer1_strips23	1847		28.1749 0.0632099	0	27.177 0.365391
layer2_strips12	944		1.16296 0.0767719	0	0.335646 0.398026
layer2_strips23	926		1.04145 0.0725151	0	0.388169 0.39073
layer3_strips12	963		674.59 0.197753	0	674.57 0.397602
layer3_strips23	1081		1144.53 0.128367	0	1144.64 1.23556
layer4_strips12	995		4.40432 0.282357	0	4.5594 0.662518
layer4_strips23	682		3.23759 0.0857624	0	3.31637 0.957022
layer5_strips12	2077		453.139 0.228294	4	173.565 63.3739
layer5_strips23	716		612.652 0.388787	0	611.28 0.652487
