25	10	400
layer1_strips12	1191		140.401 10.2408	0	150.734 3.3602
layer1_strips23	384		287.237 11.4147	0	257.97 6.22204
layer2_strips12	1001		167.448 13.1812	0	182.639 7.58954
layer2_strips23	965		186.32 12.108	0	209.413 8.22403
layer3_strips12	988		5802.09 34.5904	4	5370.39 55.3137
layer3_strips23	466		9154.39 81.6404	0	9121.75 7.92474
layer4_strips12	990		255.413 8.28056	0	292.559 5.28719
layer4_strips23	798		264.763 9.77704	0	290.471 5.61584
layer5_strips12	832		6130.93 44.6323	0	6160.98 2.59779
layer5_strips23	1339		7043.27 100.213	0	7086.08 12.6505
