25	10	1000
layer1_strips12	598978		1623.88 12.2672	0	16238.8 2.83437e-06
layer1_strips23	816		818.352 8.78668	0	815.123 1.90817
layer2_strips12	1331		1602.83 9.41557	0	1492.48 13.8624
layer2_strips23	2042		1163.9 10.7532	0	1226.7 5.52446
layer3_strips12	511		10707.7 186.004	0	10694.8 0.691715
layer3_strips23	1139		15253.1 42.8834	4	13552.1 47.4504
layer4_strips12	1109		374.51 8.60599	0	379.425 1.18674
layer4_strips23	1246		894.079 14.024	0	404.611 23.0006
layer5_strips12	1076		8496.2 39.9276	0	8495.84 1.77964
layer5_strips23	1282		9693.66 23.4665	0	9708.91 0.931431
