25	10	1000
layer1_strips12	663		366.869 9.40582	0	363.663 1.91737
layer1_strips23	678		331.152 9.50746	0	327.159 1.78905
layer2_strips12	639		110.361 9.17902	0	103.495 2.50262
layer2_strips23	963		162.827 9.76202	0	161.933 0.917203
layer3_strips12	615		7163.94 104.598	0	7108.8 0.627456
layer3_strips23	726		10325.2 62.2131	0	10268.2 0.575435
layer4_strips12	759		108.036 8.91056	0	100.621 2.21546
layer4_strips23	789		158.902 7.72486	0	151.936 2.11036
layer5_strips12	802		5379.47 33.9209	0	5371.6 0.553445
layer5_strips23	633		6134.01 48.9488	0	6137.6 0.628095
