25	10	400
layer1_strips12	762		72.5245 8.29007	0	56.3293 6.13238
layer1_strips23	622		85.6711 7.43825	0	80.9199 4.40098
layer2_strips12	654		74.5417 10.1525	0	46.242 16.512
layer2_strips23	909		57.7449 7.02299	0	43.5858 6.76122
layer3_strips12	628		666.217 28.5755	0	698.961 5.81955
layer3_strips23	948		924.837 38.9663	4	809.89 67.1592
layer4_strips12	481		118.855 7.92365	0	111.935 7.82192
layer4_strips23	567		104.659 9.88557	0	106.25 7.53384
layer5_strips12	476		965.813 40.9472	0	1002.01 3.97068
layer5_strips23	417		1053.76 45.5923	0	1083.12 4.75417
