25	10	400
layer1_strips12	638		674.08 28.5727	0	671.375 1.03797
layer1_strips23	347		829.501 34.8755	0	855.293 4.05592
layer2_strips12	538		857.241 36.6883	0	894.029 7.61013
layer2_strips23	386		953.127 40.8541	0	910.281 36.0753
layer3_strips12	274		6038.3 251.328	0	6125.93 11.4892
layer3_strips23	326		9598.51 407.649	0	9906.25 32.6684
layer4_strips12	325		477.958 21.5496	0	449.137 8.52461
layer4_strips23	663		661.68 28.9778	0	710.147 6.23905
layer5_strips12	398		7615.19 327.256	0	7916.29 4.81336
layer5_strips23	257		8914.86 380.82	0	9181.95 43.5101
