25	150	600
layer1_strips12	637		33.7685 8.1906	0	27.7478 2.79535
layer1_strips23	614		37.1092 7.50116	4	6.84692 33.2165
layer2_strips12	640		63.3195 7.14629	0	58.9516 2.40876
layer2_strips23	638		79.7071 9.83544	0	72.8668 2.61461
layer3_strips12	732		62.4893 7.29455	0	61.317 2.36228
layer3_strips23	685		90.8109 10.1844	4	35.6394 53.6613
layer4_strips12	900		4870.36 9.50724	0	4831.92 0.54153
layer4_strips23	1016		8822.08 9.06761	0	8788.52 0.791968
layer5_strips12	675		58.7345 8.29322	4	9.10426 22.0244
layer5_strips23	689		67.5877 9.79827	0	62.8957 4.22459
layer6_strips12	990		42.3948 10.0234	0	6.11943 6.8255
layer6_strips23	924		51.9378 9.3868	4	18.3553 66.49
