25	150	600
layer1_strips12	1034		20.7656 5.87005	0	9.93577 6.66162
layer1_strips23	1120		22.8632 5.02919	0	24.639 2.64501
layer2_strips12	889		36.1661 7.21261	0	38.6293 2.17585
layer2_strips23	1211		32.8319 7.4657	4	34.2437 14.7861
layer3_strips12	1190		32.1254 9.41667	4	4.70982 47.9335
layer3_strips23	1491		26.2848 7.30752	0	8.37325 6.73252
layer4_strips12	905		6007.47 10.0788	0	5986.41 0.540738
layer4_strips23	1162		10432.2 8.73382	4	10193.4 68.1518
layer5_strips12	967		18.9278 6.15654	4	0.189576 188.994
layer5_strips23	1002		19.7838 6.67147	0	17.6732 3.81463
layer6_strips12	1408		17.7991 6.04627	4	0.962584 13.8006
layer6_strips23	1189		17.5641 8.12951	4	4.13379 22.4531
