25	250	600
layer1_strips12	712		29.6833 4.69306	4	10.3845 14.4341
layer1_strips23	3289		15.0888 8.28288	0	11.1501 7.60173
layer2_strips12	1603		47.6215 5.33131	4	0.476215 0.0837042
layer2_strips23	1004		42.6808 4.96324	4	7.19972 4.711
layer3_strips12	840		50.0644 9.50049	0	23.6035 7.67125
layer3_strips23	644		43.5875 4.72706	4	2.02714 19.0693
layer4_strips12	1422		1180.9 11.3645	0	1159.46 0.613139
layer4_strips23	1191		2314.76 4.13141	0	2283.84 0.613139
layer5_strips12	706		60.9982 8.16358	0	40.1973 7.7474
layer5_strips23	2415		37.3404 5.63418	0	34.0241 49.6148
