25	250	600
layer1_strips12	465		28.7822 4.37257	0	20.9693 8.36675
layer1_strips23	694		20.4058 7.7406	0	17.895 6.05393
layer2_strips12	882		70.5426 6.34802	0	66.0255 6.38452
layer2_strips23	375		86.2367 7.73319	0	83.2893 1.07834
layer3_strips12	586		58.1458 5.98058	0	41.7656 7.1684
layer3_strips23	458		62.0489 5.65141	0	48.6934 9.38953
layer4_strips12	813		1256.23 9.01606	0	1254.22 3.85294
layer4_strips23	396		2290.6 6.64854	0	2285.21 0.995037
layer5_strips12	412		86.6044 10.2843	0	41.1564 11.6369
layer5_strips23	430		78.1808 11.8623	0	47.6446 9.15124
