25	20	500
layer1_strips12	1003		3014.75 120.08	4	983.143 57.2877
layer1_strips23	1314		1747.81 51.7788	0	1819.15 35.0316
layer2_strips12	1513		1541.48 30.7325	4	836.566 62.6376
layer2_strips23	947		1374.75 34.4873	0	1415.18 3.26085
layer3_strips12	1019		957.844 48.8547	4	804.988 106.689
layer3_strips23	1019		627.043 11.9141	4	303.129 50.424
layer4_strips12	503		1395.97 62.9876	0	1369.18 11.7931
layer4_strips23	543		2752.77 42.2615	0	2679.38 23.368
layer5_strips12	840		357.033 35.4396	4	64.2585 33.3018
layer5_strips23	1176		435.789 26.4948	0	438.731 7.82943
