25	20	500
layer1_strips12	598		1033.87 10.9995	0	1164.79 0.565487
layer1_strips23	598		822.361 13.3783	0	787.668 6.09341
layer2_strips12	610		1403.62 11.7144	0	1238.83 70.891
layer2_strips23	589		1367.85 11.0395	0	1310.68 24.9909
layer3_strips12	601		951.417 11.3155	4	528.175 45.6148
layer3_strips23	589		1345.94 11.1038	0	1301.18 16.3576
layer4_strips12	600		1522.83 11.2279	4	662.426 58.9363
layer4_strips23	581		2707.89 78.1232	0	2654.67 5.4368
layer5_strips12	600		759.163 29.1913	0	749.42 1.82267
layer5_strips23	599		969.962 43.069	4	680.474 184.006
