25	50	500
layer1_strips12	1326		180.583 7.99008	0	136.06 1.09443
layer1_strips23	605		263.917 8.30732	0	258.337 0.980553
layer2_strips12	613		484.596 12.5541	4	418.466 85.0916
layer2_strips23	484		196.566 6.97958	0	197.621 0.559916
layer3_strips12	903		470.845 12.5021	0	482.414 3.07477
layer3_strips23	613		405.248 16.8779	4	324.773 34.2961
layer4_strips12	904		1167.65 15.3222	0	1157 23.5412
layer4_strips23	538		1762.84 12.7735	0	1748.55 7.17351
layer5_strips12	772		602.797 9.71087	0	605.576 6.03492
layer5_strips23	662		645.368 9.07206	4	471.36 93.2169
layer6_strips12	908		275.973 7.992	0	253.694 45.2528
layer6_strips23	574		335.847 9.67591	0	326.381 3.69196
