25	200	500
layer1_strips12	802		25.5286 11.5528	0	23.3796 6.26522
layer1_strips23	800		44.1565 13.7406	4	4.32319 18.1032
layer2_strips12	2507		88.7819 9.83703	4	88.5168 30.249
layer2_strips23	698		54.7696 10.2503	0	54.0916 0.662262
layer3_strips12	1057		98.6974 9.44508	4	51.5481 50.6486
layer3_strips23	607		116.451 9.15334	0	106.665 7.61958
layer4_strips12	562		630.437 9.70728	4	580.052 139.91
layer4_strips23	475		1087.38 7.20816	4	1086.71 1.00626
layer5_strips12	221		183.299 6.79225	0	183.644 3.7811
layer5_strips23	587		170.537 31.1415	0	155.048 8.02396
layer6_strips12	532		94.9025 8.20038	0	71.446 8.25694
layer6_strips23	423		100.686 7.57724	0	99.025 0.79556
