25	100	1000
layer1_strips12	361		51.9522 5.38969		4		26.5287 8.55139		
layer1_strips23	584		51.1816 2.40262		4		67.1596 31.9564		
layer2_strips12	601		262.115 8.14564		4		273.828 69.7732		
layer2_strips23	572		61.3486 4.42728		0		54.3723 76.5417		
layer3_strips12	581		265.658 11.6309		4		231.852 29.3213		
layer3_strips23	532		275.901 7.92188		0		336.837 4.18544		
layer4_strips12	435		1137.01 10.002		0		1179.56 7.02157		
layer4_strips23	416		1600.96 7.51564		4		1655.48 44.737		
layer5_strips12	569		438.721 9.3586		0		521.946 3.79573		
layer5_strips23	539		435.139 5.5925		0		571.48 6.66129		
layer6_strips12	531		197.743 6.0916		0		259.132 29.375		
layer6_strips23	472		220.399 20.2558		0		240.636 6.64413		
