25	100	1000
layer1_strips12	751		49.8075 8.88571		0		59.0782 4.17477		
layer1_strips23	512		73.5676 5.17856		0		75.654 2.5727		
layer2_strips12	357		133.198 5.90971		0		127.556 14.6833		
layer2_strips23	308		138.42 5.4853		0		130.062 0.821996		
layer3_strips12	343		172.737 5.54266		4		98.253 62.7594		
layer3_strips23	423		211.882 8.31893		4		118.667 73.5916		
layer4_strips12	550		671.928 4.49238		0		671.846 4.23883		
layer4_strips23	259		1069.42 4.2855		0		1079 0.949158		
layer5_strips12	583		283.721 8.76119		0		285.903 6.12553		
layer5_strips23	645		297.23 10.5369		0		312.386 3.03334		
layer6_strips12	414		178.992 4.69237		4		73.749 30.3132		
layer6_strips23	647		179.488 7.78846		4		95.0536 65.741		
