25	100	1000
layer1_strips12	1004		80.0799 10.1207		0		79.9052 2.81552		
layer1_strips23	463		103.191 9.67543		4		78.4302 61.6303		
layer2_strips12	546		303.328 10.6187		0		289.745 4.95925		
layer2_strips23	1173		316.251 9.84869		0		266.221 0.388955		
layer3_strips12	398		481.381 11.9963		0		448.544 11.0452		
layer3_strips23	324		449.332 9.68547		0		417.849 7.2634		
layer4_strips12	402		1320.27 7.92104		4		1131.89 116.965		
layer4_strips23	361		1809.71 13.4534		0		1790.26 39.4403		
layer5_strips12	447		702.253 9.94319		0		675.144 4.14122		
layer5_strips23	287		767.3 9.44145		0		707.015 37.4988		
layer6_strips12	357		360.21 8.94473		0		321.436 7.92672		
layer6_strips23	296		359.338 24.7284		4		60.2244 21.3556		
