25	100	1000
layer1_strips12	435		42.9908 3.91023		4		38.5709 1.75358		
layer1_strips23	869		44.4104 5.86982		0		50.7536 1.12779		
layer2_strips12	316		91.428 3.90197		4		69.4518 93.4451		
layer2_strips23	327		57.879 6.27973		0		52.4405 0.783225		
layer3_strips12	341		129.188 3.96988		0		128.995 19.8349		
layer3_strips23	1093		128.084 3.81357		4		100.825 66.9992		
layer4_strips12	506		715.607 3.5705		4		621.892 92.565		
layer4_strips23	140		1383.41 9.1549		4		1321.12 182.172		
layer5_strips12	266		261.512 6.21402		0		225.056 10.9896		
layer5_strips23	288		261.353 3.32657		0		264.848 7.17226		
layer6_strips12	255		153.463 5.95875		4		81.7259 73.2807		
layer6_strips23	267		158.563 3.74703		4		100.903 46.9484		
