25	100	1000
layer1_strips12	919		440.016 12.5214		0		341.937 105.708		
layer1_strips23	427		454.488 10.872		0		453.096 0.646846		
layer2_strips12	1291		836.568 7.86176		4		363.337 30.1145		
layer2_strips23	751		834.132 11.5875		0		802.506 30.19		
layer3_strips12	541		776.471 13.598		4		669.573 168.846		
layer3_strips23	330		915.517 9.35142		4		926.952 1.01731		
layer4_strips12	423		1766.61 28.4466		0		1628.04 0.834398		
layer4_strips23	378		2423.18 23.2931		4		1319.99 66.0885		
layer5_strips12	343		1175.5 145.428		0		1137.15 6.64352		
layer5_strips23	299		1274.65 14.5473		4		1029.82 9.94215		
layer6_strips12	359		570.708 15.8335		0		537.122 6.44092		
layer6_strips23	369		674.29 19.8566		4		219.903 42.8748		
