25	100	1000
layer1_strips12	2228		1186.86 11.2269		0		47.3549 0.143447		
layer1_strips23	2834		1408.24 9.50533		-1		1408.24 0		
layer2_strips12	456		1702 12.2381		0		1652.35 15.7029		
layer2_strips23	741		1474.48 11.3541		4		1327.43 79.4533		
layer3_strips12	358		1355.53 14.306		4		1098.47 130.029		
layer3_strips23	510		1721.09 11.8762		0		1625.03 64.1658		
layer4_strips12	249		1732.17 8.95934		0		1680.27 25.3229		
layer4_strips23	383		2856.35 63.5125		0		2592.23 18.584		
layer5_strips12	293		1418.9 62.9202		0		1389.41 1.52974		
layer5_strips23	228		1800.25 38.3762		4		1389.72 34.1188		
layer6_strips12	542		1203.29 6.50064		4		797.052 90.1212		
layer6_strips23	584		1330.04 18.4642		4		1257.92 31.4636		
