25	100	1000
layer1_strips12	373		46.5075 5.68282		0		34.1399 0.710661		
layer1_strips23	433		58.9666 6.48265		0		46.5013 0.642821		
layer2_strips12	362		76.4322 7.29661		0		47.8995 0.727389		
layer2_strips23	446		82.6314 5.33639		0		81.2425 0.629939		
layer3_strips12	561		116.675 5.84472		0		120.314 21.3014		
layer4_strips12	671		358.731 24.6623		4		68.6349 15.2358		
layer5_strips12	825		243.106 9.90621		0		270.736 5.15856		
layer6_strips12	315		159.75 8.04494		4		88.767 103.959		
layer6_strips23	540		158.599 9.06509		0		129.885 6.79588		
