25	100	1000
layer1_strips12	434		753.384 8.27328		4		419.776 5.44013		
layer1_strips23	601		645.014 9.61797		4		538.612 68.3075		
layer2_strips12	551		780.17 4.89831		0		830.274 5.64593		
layer2_strips23	562		881.548 6.00457		0		984.29 2.98183		
layer3_strips12	418		703.919 9.68413		0		748.006 5.04452		
layer3_strips23	628		1087.14 5.59569		0		1278.45 9.86347		
layer4_strips12	335		1015.97 11.3784		4		1026.45 31.069		
layer4_strips23	293		1827.27 12.807		4		1928.22 72.8529		
layer5_strips12	395		798.448 5.65986		4		897.559 8.37924		
layer5_strips23	369		1028.87 9.86837		0		1152.62 15.1662		
layer6_strips12	497		575.211 9.32385		0		610.895 9.52592		
layer6_strips23	482		627.281 4.85419		0		644.582 6.23948		
