25	100	1000
layer1_strips12	499		236.093 7.59164		0		234.534 1.28263		
layer1_strips23	654		181.216 9.36772		0		174.301 0.493938		
layer2_strips12	621		609.791 8.466		0		606.318 2.46129		
layer2_strips23	457		648.195 7.89697		4		598.208 107.449		
layer3_strips12	526		627.151 8.57452		0		528.93 125.617		
layer3_strips23	533		693.35 7.13028		0		647.266 6.72286		
layer4_strips12	392		1779.36 9.95498		4		1699.77 29.6312		
layer4_strips23	879		2353.96 8.23044		0		2346.63 28.8499		
layer5_strips12	641		935.837 9.63725		4		901.744 9.07767		
layer5_strips23	445		1089.66 11.3541		0		1018.34 7.3843		
layer6_strips12	634		454.848 8.35774		0		423.541 5.05619		
layer6_strips23	531		506.915 9.43325		4		433.396 54.0017		
