25	100	1000
layer1_strips12	661		418.262 6.53748		0		390.221 0.493865		
layer1_strips23	692		516.083 4.8221		0		443.666 0.477274		
layer2_strips12	479		698.642 6.18761		0		705.772 0.600856		
layer2_strips23	326		865.948 7.73268		0		891.889 7.99278		
layer3_strips12	514		641.141 6.11492		0		662.907 13.1403		
layer3_strips23	640		968.257 4.47059		4		1056.56 10.9642		
layer4_strips12	549		1014.9 6.15707		0		1070.43 87.7802		
layer4_strips23	417		1727.2 7.48286		4		1900.66 32.2308		
layer5_strips12	439		722.844 5.6266		4		730.256 58.5776		
layer5_strips23	355		924.305 8.19836		4		883.311 131.547		
layer6_strips12	554		489.86 6.54885		0		493.575 6.48149		
layer6_strips23	497		541.044 6.23811		4		464.415 79.341		
