25	100	1000
layer1_strips12	474		606.075 5.77018		4		493.284 70.6018		
layer1_strips23	466		626.007 6.89056		4		603.552 3278.15		
layer2_strips12	435		774.185 4.12977		0		795.576 8.44667		
layer2_strips23	521		837.267 5.50193		0		888.151 6.97369		
layer3_strips12	325		647.936 9.192		0		687.216 12.2557		
layer3_strips23	497		960.063 7.83072		0		1050.22 6.5575		
layer4_strips12	409		966.642 7.71406		4		1052.3 7.71481		
layer4_strips23	561		1603.38 8.57966		0		1736.17 5.85018		
layer5_strips12	394		691.28 12.8704		4		718.469 77.6475		
layer5_strips23	409		876.389 5.56926		0		914.145 175.78		
layer6_strips12	219		486.359 5.47521		4		395.564 121.608		
layer6_strips23	616		508.782 10.9047		4		382.191 69.3285		
