25	100	1000
layer1_strips12	317		97.7029 4.06764		4		87.6471 6.15861		
layer1_strips23	264		116.468 1.847		4		83.426 1.06823		
layer2_strips12	213		176.109 5.17359		0		135.276 13.37		
layer2_strips23	166		274.12 8.64202		4		158.577 99.531		
layer3_strips12	243		174.169 5.89939		4		110.181 91.509		
layer3_strips23	259		270.468 3.35587		0		219.9 6.83307		
layer4_strips12	560		259.985 3.29101		4		212.559 210.244		
layer4_strips23	451		220.34 6.54901		4		211.862 82.3281		
layer5_strips12	337		202.076 9.0245		4		143.095 91.8013		
layer5_strips23	237		270.94 6.49953		0		236.173 12.765		
layer6_strips12	151		141.035 5.16116		4		228.388 252.622		
layer6_strips23	242		165.202 5.62804		0		167.783 1.01015		
