25	100	1000
layer1_strips12	639		484.413 5.12788		0		422.784 137.08		
layer1_strips23	402		508.93 6.3851		4		543.059 2688.41		
layer2_strips12	333		620.23 39.1865		4		288.559 53.9167		
layer2_strips23	430		603.493 62.5986		4		451.844 22.5275		
layer3_strips12	508		543.769 14.9416		0		693.799 5.50585		
layer3_strips23	330		676.55 66.8107		0		693.798 10.7325		
layer4_strips12	618		486.734 57.0645		4		269.727 39.0023		
layer4_strips23	496		511.282 63.1971		0		514.076 26.1444		
layer5_strips12	544		497.383 39.6446		4		550.852 55.6228		
layer5_strips23	578		570.958 67.5256		0		780.989 6.68449		
layer6_strips12	717		367.823 55.8165		4		81.0097 22.8032		
layer6_strips23	784		391.443 40.5557		0		439.856 3.13568		
