25	100	1000
layer1_strips12	582		1112.55 208.039		4		296.818 6.23813		
layer1_strips23	286		1243.9 36.8611		4		1107.55 88.6339		
layer2_strips12	2914		867.887 43.0005		0		1819.74 17.8163		
layer2_strips23	263		1066 51.9108		4		1209.01 127.555		
layer3_strips12	297		1104.77 43.9394		4		825.566 52.8095		
layer3_strips23	271		1066.82 36.0468		0		1769.2 5.27259		
layer4_strips12	323		976.828 85.5429		0		1690.59 3.47649		
layer4_strips23	277		1014.91 51.3772		4		1103.02 99.2446		
layer5_strips12	290		1060.01 39.1183		0		1605.64 16.9029		
layer5_strips23	291		1055.38 51.0821		4		1468.95 5555.29		
layer6_strips12	289		1197.25 102.123		4		804.375 25.8063		
layer6_strips23	298		1103.19 45.3946		4		740.007 14.4453		
