25	100	1000
layer1_strips12	893		15.4353 7.93007		4		11.2504 11.3499		
layer1_strips23	811		47.1175 6.01701		4		43.9473 1.44614		
layer2_strips12	703		33.769 3.77832		0		41.9645 6.06021		
layer2_strips23	421		55.0098 4.1072		0		51.603 1.37477		
layer3_strips12	343		82.352 7.70914		4		75.0579 0.998567		
layer3_strips23	297		82.2385 9.06439		4		76.2342 20.0405		
layer4_strips12	281		279.538 58.4248		4		-35.8564 37.3918		
layer4_strips23	486		135.35 7.15828		0		132.254 0.594438		
layer5_strips12	205		164.575 10.2345		0		171.585 1.19487		
layer5_strips23	329		159.928 11.6477		0		166.58 0.780869		
layer6_strips12	274		98.8689 6.02588		0		96.8203 1.94949		
layer6_strips23	275		100.654 4.21433		0		70.6523 1.2284		
