25	100	1000
layer1_strips12	461		2601.23 35.421		0		2956.56 3.07917		
layer1_strips23	477		2520.8 30.0908		4		2385.38 77.9669		
layer2_strips12	368		2584.05 57.4255		0		2657.2 0.976129		
layer2_strips23	242		2661.09 42.5387		0		2795.71 1.41264		
layer3_strips12	273		2655.79 46.3797		0		2805.32 9.48261		
layer3_strips23	329		2571.92 58.3963		4		2440.52 146.464		
layer4_strips12	250		2533.72 66.0779		4		1142.28 85.8417		
layer4_strips23	261		2628.76 51.921		4		3081.8 0.415945		
layer5_strips12	236		2407.3 46.319		4		1687.97 88.0808		
layer5_strips23	434		2345.49 37.6918		4		2953.54 12365.3		
layer6_strips12	355		2264.36 271.272		0		2897.2 0.986366		
layer6_strips23	238		2324.3 251.509		0		2743.04 1.11115		
