25	100	1000
layer1_strips12	877		0.506045 0.0512544		0		0.936134 4.67158		
layer1_strips23	465		20.7449 0.118047		0		25.5131 6.59766		
layer2_strips12	456		1.67133 0.123869		0		2.1911 8.63139		
layer2_strips23	279		25.5947 0.276705		0		35.8335 8.45271		
layer3_strips12	466		59.3789 0.377045		0		85.5706 25.5433		
layer3_strips23	378		53.9141 0.455027		4		63.0658 287.85		
layer4_strips12	455		0.252191 0.0202123		0		0.999 1.61127		
layer4_strips23	380		4.45911 0.17586		0		5.99786 0.502667		
layer5_strips12	315		146.592 1.08846		4		194.256 9.5709		
layer5_strips23	367		146.627 0.85268		4		196.742 44.207		
layer6_strips12	277		78.8651 0.741131		0		88.2534 3.03376		
layer6_strips23	415		71.3646 0.755971		4		84.1561 6.86017		
