25	100	1000
layer1_strips12	727		1019.03 12.2766		4		375.489 6.1148		
layer1_strips23	265		1085.22 33.8403		4		617.599 54.6182		
layer2_strips12	403		982.565 12.1415		0		1238.61 17.059		
layer2_strips23	446		1006.95 12.0508		0		1191.18 2.94678		
layer3_strips12	341		1426.91 44.5422		4		1605.32 7522.26		
layer3_strips23	403		1664.89 38.1525		0		2062.68 1.22974		
layer4_strips12	709		1428.98 29.2329		4		915.351 56.2461		
layer4_strips23	358		2043.42 78.953		0		2788.58 2.5946		
layer5_strips12	276		1347.7 100.07		4		757.233 46.7548		
layer5_strips23	517		1464.21 108.661		4		609.548 20.3737		
layer6_strips12	309		1310.09 30.0406		0		1560.99 1.13916		
layer6_strips23	329		1194.08 102.525		0		343.116 12.6183		
