25	100	1000
layer1_strips12	598		1156.8 19.0657		0		1236.88 7.55964		
layer1_strips23	788		1127.29 32.2943		4		515.319 26.5609		
layer2_strips12	466		1144.44 44.3954		0		1366.44 3.75259		
layer2_strips23	527		1211.22 29.9167		4		1063.12 82.8051		
layer3_strips12	558		1112.4 29.3307		0		1337.1 5.76166		
layer3_strips23	458		1122.61 18.8844		0		1379.07 2.53969		
layer4_strips12	477		1025.65 36.3346		0		1255.12 4.35701		
layer4_strips23	527		987.397 35.4018		0		1334.45 2.69429		
layer5_strips12	686		1057.95 45.9663		0		1217.06 1.62308		
layer5_strips23	409		1127.41 32.3762		0		1381.87 2.9662		
layer6_strips12	428		1329.46 49.0517		0		1714.78 2.37057		
layer6_strips23	553		804.374 17.7675		0		867.781 0.0425968		
