25	100	1000
layer1_strips12	542		954.266 11.2011		0		1213.94 30.2393		
layer1_strips23	472		898.795 8.76041		0		1109.67 16.453		
layer2_strips12	341		963.228 42.5635		0		1213.98 3.21976		
layer2_strips23	444		985.938 27.4198		0		1411.52 1.7114		
layer3_strips12	433		902.145 60.4631		0		1173.41 8.24655		
layer3_strips23	1049		811.649 13.981		0		1189.65 9.11301		
layer4_strips12	453		787.718 73.1981		0		1141.54 6.61106		
layer4_strips23	547		808.608 39.3841		4		600.057 52.0018		
layer5_strips12	517		801.582 70.6573		4		662.313 92.7235		
layer5_strips23	359		941.234 36.0093		0		1164.04 9.0894		
layer6_strips12	412		799.869 64.3301		4		468.597 50.4261		
layer6_strips23	442		820.733 36.4967		0		777.246 0.811179		
