Effective N of Points	frMinfrMax
20	100	1000
Title	I_max	I_meas	dI_stat	dI_sys	dI_tot	status
layer1_strips12_300V	2858	3979.94	0.0272361	0	0.0272361	70
layer1_strips23_300V	304	3717.73	6.37894	-287.404	287.474	0
layer2_strips12_300V	248	2775.2	3.09772	0	3.09772	4
layer2_strips23_300V	304	2666.3	3.67087	0	3.67087	4
layer3_strips12_300V	316	4953.5	1.35201	0	1.35201	4
layer3_strips23_300V	289	5858.23	18.7801	0	18.7801	4
layer4_strips12_300V	302	2052.97	1.45816	-74.5205	74.5348	0
layer4_strips23_300V	306	2843.76	27.0023	-560.483	561.133	0
layer5_strips12_300V	435	1419.09	1.12191	0	1.80413	4
layer5_strips23_300V	521	7539.16	0.544681	-64.7796	64.7819	0
