25	100	1000
layer1_strips12	573		4266.44 28.7688		0		3332.64 0.476005		
layer1_strips23	549		5438.92 38.1688		4		3505.38 122.989		
layer2_strips12	546		4878.38 31.2713		4		4690.23 3.97069		
layer2_strips23	557		5060.66 36.3632		4		3321.35 87.6198		
layer3_strips12	579		12971.1 61.1881		4		13030.6 13.6143		
layer3_strips23	711		19187.8 38.3788		0		19323.3 3.57461		
layer4_strips12	446		2613.93 20.2056		0		2594.18 23.5202		
layer4_strips23	504		3435.48 47.6818		4		3473.06 3.56813		
layer5_strips12	654		18945.1 58.0354		0		18621.5 50.7673		
layer5_strips23	255		21526.7 47.5845		4		21371 36.7748		
