25	100	1000
layer1_strips12	500		7308.59 27.3269		0		6986.95 3.96157		
layer1_strips23	609		6377.59 49.9316		0		6371.34 0.69481		
layer2_strips12	985		6274.99 46.2469		0		5987.58 27.246		
layer2_strips23	1347		5980.24 50.4749		4		309.629 35522.4		
layer3_strips12	378		15184.4 103.249		0		14589.3 21.1014		
layer3_strips23	405		21448.6 91.9219		0		20595.3 13.6368		
layer4_strips12	269		5640.47 50.8574		4		5253.27 42.9448		
layer4_strips23	326		6444.78 107.922		4		5714.19 54.2355		
layer5_strips12	276		20130.6 35.8518		4		20262.7 31.1759		
layer5_strips23	210		23666.4 96.5733		4		23079.4 124.149		
