25	100	1000
layer1_strips12	1273		4855.91 29.0432		0		8948.69 0.821995		
layer1_strips23	559		4879.78 26.6172		0		4464.14 9.06996		
layer2_strips12	793		4869.41 72.1358		0		188.324 5.10848e-07		
layer2_strips23	698		6531.57 40.0099		4		5807.97 0.878505		
layer3_strips12	490		14854.7 94.4389		4		14416.4 37.0062		
layer3_strips23	579		22221.9 62.8104		4		21705.5 71.0712		
layer4_strips12	235		3555.8 73.6423		4		2477.28 177.697		
layer4_strips23	222		4524.69 106.568		4		4435.43 40.9241		
layer5_strips12	255		21454.5 43.2939		4		21533.1 46.8082		
layer5_strips23	196		24541.4 96.6037		4		22596 180.243		
