25	100	1000
layer1_strips12	575		171.638 8.48601		0		221.603 6.8474		
layer1_strips23	398		203.56 6.21535		4		279.225 1078.39		
layer2_strips12	378		155.229 10.0637		0		277.683 5.15864		
layer2_strips23	488		153.514 12.586		4		150.63 34.7551		
layer3_strips12	377		11122.7 43.6208		4		10529.2 58.5207		
layer3_strips23	524		17314.4 47.1525		4		15614.2 131.709		
layer4_strips12	430		257.497 10.752		0		342.963 5.41164		
layer4_strips23	507		229.495 7.75202		0		353.367 2.19632		
layer5_strips12	707		16953.1 19.5213		0		17077.4 18.7993		
layer5_strips23	431		18747.4 42.1928		0		18866.1 14.989		
