25	100	1000
layer1_strips12	2660		0.259102 1.29858		280		0.0140743 2.02058		
layer1_strips23	431		34.0376 0.105806		280		29.662 0.644145		
layer2_strips12	419		3.59218 1.75638		4		4.23307 19.078		
layer2_strips23	423		3.55483 2.52479		280		4.41252 0.651227		
layer3_strips12	424		187.606 0.0601065		4		190.721 69.8547		
layer3_strips23	441		197.866 0.0860111		350		195.284 137.827		
layer4_strips12	454		17.8569 0.328407		280		21.0342 6.55322		
layer4_strips23	421		18.5403 0.378509		280		20.6116 6.63379		
layer5_strips12	435		258.589 0.672995		350		267.647 6.46874		
layer5_strips23	422		247.381 0.694678		280		255.362 3.43177		
