 0.49
 11.3
 17.6
 25.5
 33.1
 40.9
 51.2
 59.38
 63.97
 77.94
 89.81
 95.44
 104.24
 113.27
 120.9
 135.62
 142.4
 152.13
 154.42
 154.58
 156.55
 163.68
 171.28
 180.46
 186.99
 193.55
 200.14
 207.45
 214.78
 222.52
 228.59
 235.27
 241.72
 250.86
 256.42
 266.13
 271.28
 277.37
 279.95
 287.51
 297.54
 305.82
 314.79
 316.67
 324.07
 340.0
351.92
359.31
365.85
365.86
371.59
377.48
377.54
378.29
379.63
381.47
382.44
382.93
385.10
391.86
398.44
405.30
411.30
417.57
418.80
426.03
440.26
447.65
454.17
460.26
465.64
471.71
477.64
483.31
490.19
501.31
508.39
515.12
521.82
527.25
530.79
535.29
540.22
546.69
563.43
566.96
576.42
596.40
620.71
627.98
632.48
645.65
663.80
673.16
686.59
695.36
703.51
712.26
721.21
725.44
725.46
729.36
733.00
737.68
742.16
747.22
749.69
771.07
788.89
790.79
793.65
799.73
807.65
810.91
815.27
823.89
832.97
836.69
850.34
850.35
850.36
854.09
856.52
857.38
885.68
888.08
910.38
923.78
930.10
936.30
951.50
951.6
951.7
957.5