connecting...
ok
 select MEASUR_NUM, TIME_SAVE, TEST_START, ME11_state, HV_ME11, HV_SETTING1, RUN_COMMENT, SOURCE_STATE,  ATTENUAT_UP, TMB_DUMP_TIME from gif_ageing_tab  where  MEASUR_TYPE='Dark rate' and RUN_TYPE='TMB dump (test 27s)' and ME11_state='on'  and HV_ME11=0 order by MEASUR_NUM 


   A#                start time                        HV SRCdwn t[sec]       0ALCT:      13CLCT:      14CLCT:      15CLCT:      16CLCT:      17CLCT:      18CLCT:      19CLCT:      20CLCT:         TMB:         L1A:    comment
 1131    18-FEB-2016 , 12:59:36                         0    off    10            4          210            0            0            0            0          210            0            0            0            0     
 1131    25-FEB-2016 , 12:59:36                         0    off    10            4          210            0            0            0            0          210            0            0            0            0     
 1203    03-MAR-2016 , 11:09:14                         0    off    10            8          614            1            1            0            0          613            0            0            1            0     
 1321    10-MAR-2016 , 16:18:38                         0    off    10            0           86            0            0            0            0           86            0            0            0            0     30 s
 1423    04-APR-2016 , 11:42:28                         0    off    10            0           24            0            0            0            0           23            0            1            0            0     
 1517    15-APR-2016 , 14:59:21                         0    off    10            0            8            0            0            0            0            8            0            0            0            0     
 1687    11-MAY-2016 , 11:20:37                         0    off    10            0            5            0            0            0            0            5            0            0            0            0     30s
 1816    26-MAY-2016 , 16:27:18                         0    off    10            0          830            0            0            0            0          830            0            0            0            0     
 1874    15-JUN-2016 , 12:08:25                         0    off    10            2          238            0            0            0            0          238            0            0            0            0     
 2070    29-JUN-2016 , 15:31:54                         0    off    10            0          302            0            0            0            0          302            0            0            0           72     
 2169    06-JUL-2016 , 15:50:51                         0    off    10            0          458            0            0            0            0          458            0            0            0            0     
 2212    13-JUL-2016 , 11:59:27                         0    off    10            0          378            0            0            0            0          378            0            0            0            0     
 2403    20-JUL-2016 , 12:50:59                         0    off    10            2          524            0            0            0            0          524            0            0            0            0     
 2575    03-AUG-2016 , 11:27:14                         0    off    10            0          332            0            0            0            0          332            0            0            0            0     
 2669    10-AUG-2016 , 10:15:57                         0    off    10            3          886            0            0            0            0          886            0            0            0            0     
 2774    31-AUG-2016 , 10:42:33                         0    off    10            2         1198            0            0            0            0         1198            0            0            0            0     
 2955    09-OCT-2016 , 00:36:21                         0    off    10           22          257            0            0            0            0          257            0            0            0            0     
 3147    19-OCT-2016 , 14:19:39                         0    off    10            0          220            0            0            0            0          220            0            0            0            0     
 3212    26-OCT-2016 , 10:38:42                         0    off    10            0           14            0            0            0            0           14            0            0            0            0     beam off from 08:45 am
 3396    02-NOV-2016 , 13:38:53                         0    off    10            0         1255            0            0            0            0         1255            0            0            0            0     
 3474    09-NOV-2016 , 10:46:04                         0    off    10            9          595            0            0            0            0          595            0            0            0        12976     
 3665    16-NOV-2016 , 12:35:27                         0    off    10            0          452            0            0            0            0          452            0            0            0            0     
 3793    23-NOV-2016 , 13:04:13                         0    off    10            0          501            0            0            0            0          501            0            0            0            0     
 4022    17-JAN-2017 , 14:45:39                         0    off    10            0         1894            0            0            0            0         1894            0            0            0            0     
 4339    25-JAN-2017 , 13:07:38                         0    off    10            1         1625            0            0            0            0         1625            0            0            0            0     
 4411    01-FEB-2017 , 10:18:12                         0    off    10           12         1440            0            0            0            0         1440            0            0            0            0     
 4565    08-FEB-2017 , 16:02:52                         0    off    10            0         1229            0            0            0            0         1229            0            0            0         6460     
 4682    15-FEB-2017 , 10:04:43                         0    off    10           28          304            0            0            0            0          304            0            0            0            0     
 4815    22-FEB-2017 , 10:06:44                         0    off    10            3          194            0            0            0            0          194            0            0            0            0     
 4978    01-MAR-2017 , 09:58:41                         0    off    10           18          192            0            0            0            0          192            0            0            0            0     
 5122    08-MAR-2017 , 11:14:16                         0    off    10            0          762            0            0            0            0          762            0            0            0            0     
 5251    15-MAR-2017 , 09:50:28                         0    off    10           32          475            0            0            0            0          475            0            0            0            0     
 5367    07-APR-2017 , 17:23:22                         0    off    10            0          488            0            0            0            0          488            0            0            0            0     Dark current 27s TMB dump
 5502    19-APR-2017 , 10:28:24                         0    off    10            4          518            0            0            0            0          518            0            0            0            0     
 5598    24-APR-2017 , 09:24:09                         0    off    10           20          577            0            0            0            0          577            0            0            0            0     
 5688    05-MAY-2017 , 17:02:43                         0    off    10            0          710            0            0            0            0          710            0            0            0            0     
 5777    31-MAY-2017 , 13:51:47                         0    off    10            0         3060            0            0            0            0         3060            0            0            0            0     
 5880    07-JUN-2017 , 11:04:03                         0    off    10            0         5677            0            0            0            0         5677            0            0            0            0     
 5983    21-JUN-2017 , 11:44:32                         0    off    10            0         2852            0            0            0            0         2852            0            0            0            0     
 6091    28-JUN-2017 , 11:48:56                         0    off    10            0         2587            0            0            0            0         2587            0            0            0            0     
 6140    05-JUL-2017 , 10:11:38                         0    off    10            2         2882            0            0            0            0         2882            0            0            0            0     
 6239    19-JUL-2017 , 11:10:35                         0    off    10            0         3156            0            0            0            0         3156            0            0            0            0     
 6340    26-JUL-2017 , 09:42:23                         0    off    10            7         2936            0            0            0            0         2936            0            0            0            0     
 6529    09-AUG-2017 , 08:57:51                         0    off    10            0         7768            0            0            0            0         7768            0            0            0            0     very likely they are doing some kind of beam test
 6635    30-AUG-2017 , 13:01:52                         0    off    10            0        12341            0            0            0            0        12341            0            0            0            0     
 6672    06-SEP-2017 , 17:35:13                         0    off    10            0        10237            0            0            0            0        10237            0            0            0            0     