33.83
42.32
53.84
62.33
66.59
66.59
73.12
93.13
98.86
118.96
124.68
140.28
158.52
158.72
158.99
158.99
162.72
169.92
178.52
186.31
193.31
199.87
199.87
206.58
214.3
222.07
230.24
236.47
243.34
252.1
259.95
265.98
281.7
288.29
288.39
290.99
298.9
309.36
317.6
325.45
327.28
335.5
343.25
343.28
343.34
403.34
414.26
420.57
422.80
427.50
456.00
466.60
483.90
530.60
535.30
581.10
606.00
617.00
628.37
641.71
699.10
717.70
756.90
756.91
766.60
772.60
772.70
775.00
802.90
805.10
825.80
831.80 
842.80 
848.0
861.2
863.2