    27 Jan 2016                0.50        -1        -1        -1        -1        -1       247        -1       438       544       730      1482     77488       575 
    03 Feb 2016                3.05        -1        -1        -1        -1        -1        -1        -1       407       496        -1    141121        -1       631 
    11 Feb 2016               11.01        -1        -1        -1        -1        -1        -1        -1       389       483        -1    171661        -1       511 
    18 Feb 2016               17.42        -1        -1        -1        64        99       167       255       376       460       498       426       438       480 
    25 Feb 2016               25.23        21        19        22        50        90       156       359       363       442       469        -1        -1       464 
    03 Mar 2016               32.64        61        28        26        53        89       146       248       356       442       460       496       578       457 
    10 Mar 2016               40.40         8         8        12        35        75       130       231       347       436       476       481       552       466 
    01 Apr 2016               47.87         3        -1        -1        -1        -1        -1        -1        -1        -1        -1        -1        -1       451 
    04 Apr 2016               50.94         2         3        10        37        75       137       231       344       430       461       484       577       455 
    14 Apr 2016               59.38         0        -1        19        56       103       181       296       384       457       491       624        -1       477 
    15 Apr 2016               59.38        -1        -1        -1        -1        -1        -1        -1        -1       424        -1       503       679       448 
    18 Apr 2016               59.43        -1        -1        -1        -1        -1        -1        -1        -1       417        -1       477       552       447 
    11 May 2016               63.97         0         2        19        64       136       225       381       505       587       607       680        -1       617 
    26 May 2016               77.94        83        25        38        78       135       231       366       522       601       640       737      1095       649 
    15 Jun 2016               89.81        23        29        43        85       151       249       391       541       622       664       740      1513       447 
    29 Jun 2016               95.44        30        34        47        93       148       256       387       545       623       663       770      1068       655 
    06 Jul 2016              104.24        45        43        56        98       157       259       397       537       621       712       915      2301       662 
    13 Jul 2016              113.27        37        42        59       100       161       264       404       543        -1        -1        -1        -1       679 
    15 Jul 2016              115.52        -1        -1        -1        -1        -1        -1        -1        -1       638       789       971      2768        -1 
    20 Jul 2016              120.90        52        61        71       122       184       274       415       574       659       716       839      1207       696 
    03 Aug 2016              135.62        33        40        54       107       167       262       417       560       668       703       792        -1       688 
    10 Aug 2016              142.40        88        40        58       101       157       261       392       542       641       698        -1        -1       656 
    31 Aug 2016              152.13       119        42        52        90       154       254       391       533       620       696       851      1882       677 
    21 Sep 2016              154.06        53        -1        -1        -1        -1        -1        -1        -1        -1        -1        -1        -1       424 
    28 Sep 2016              154.07        -1        -1        -1        -1        -1        -1        -1        -1        -1        -1        -1        -1       566 
    09 Oct 2016              154.42        25        27        31        60       105       194       298       435       544       588       658       936       571 
    19 Oct 2016              154.58        22        -1        -1        -1       127        -1       317        -1       482       624       681       911       616 
    26 Oct 2016              158.07         1        -1        -1        -1        -1        -1        -1       522       625        -1        -1        -1       686 
    02 Nov 2016              165.13       125        -1        -1        -1        -1        -1        -1       422       515       614        -1      1686       578 
    09 Nov 2016              173.13        59        48        55        94       157       241       369       523       613       723       952      1748       677 
    16 Nov 2016              180.46        45        54        60        96       149       238       352       506       622       674       882      1317       664 
    23 Nov 2016              186.99        50        65        72       104       163       246       358       517       637       766      1019      1962       707 
    16 Dec 2016              193.55       220       241       237       281       325       397       511       651       792       855       959      1298       836 
    17 Jan 2017              193.55       189       208       197       233       293       375       503       639       754       872      1129      3194       850 
