    27 Jan 2016                0.50        -1        -1        -1        -1        -1       447        -1       733       776      1332      3227    166608       947 
    03 Feb 2016                3.05        -1        -1        -1        -1        -1        -1        -1       738       807        -1    334611        -1      1160 
    11 Feb 2016               11.01        -1        -1        -1        -1        -1        -1        -1       717       773        -1    426938        -1       782 
    18 Feb 2016               17.42        -1        -1        -1       209       338       508       653       737       761       845       885      1656       782 
    25 Feb 2016               25.23         0        43         6       205       340       494       736       734       770       812        -1        -1       759 
    03 Mar 2016               32.64         0        43       111       202       345       505       656       741       765       804      1236      2616       789 
    10 Mar 2016               40.40         0        43       114       217       344       486       653       741       762       815      1060      2168       787 
    01 Apr 2016               47.87         0        -1        -1        -1        -1        -1        -1        -1        -1        -1        -1        -1       776 
    04 Apr 2016               50.94         0        44       118       217       357       510       665       738       762       794      1155    120950       777 
    14 Apr 2016               59.38         0        -1       174       291       438       583       721       746       775      1208    131293        -1       855 
    15 Apr 2016               59.38        -1        -1        -1        -1        -1        -1        -1        -1       754        -1      1352    186578       791 
    18 Apr 2016               59.43        -1        -1        -1        -1        -1        -1        -1        -1       745        -1     41861    164348       757 
    11 May 2016               63.97         0        72       137       251       398       538       693       726       746       814      1295        -1       784 
    26 May 2016               77.94         0        56       128       237       365       521       676       750       763       881      1239      2783       800 
    15 Jun 2016               89.81         0        59       140       252       391       546       699       756       765       917      1336     48197       549 
    29 Jun 2016               95.44         0        60       135       246       371       538       676       753       763       832      1364      2850       793 
    06 Jul 2016              104.24         0        66       125       235       376       540       702       758       772       887      1375     45426       801 
    13 Jul 2016              113.27         0        65       137       246       385       544       688       748        -1        -1        -1        -1       851 
    15 Jul 2016              115.52        -1        -1        -1        -1        -1        -1        -1        -1       777      1080      1503     56899        -1 
    20 Jul 2016              120.90         0        66       129       243       380       531       701       769       781       863     12852     37511       839 
    03 Aug 2016              135.62         0        64       146       259       399       569       728       783       829       862      1219        -1       834 
    10 Aug 2016              142.40         0        59       135       247       373       537       689       764       789       908        -1        -1       831 
    31 Aug 2016              152.13         0        50       130       227       362       536       699       750       766       937      1326      3350       838 
    21 Sep 2016              154.06         0        -1        -1        -1        -1        -1        -1        -1        -1        -1        -1        -1       503 
    28 Sep 2016              154.07        -1        -1        -1        -1        -1        -1        -1        -1        -1        -1        -1        -1       706 
    09 Oct 2016              154.42         2        38       100       178       292       442       585       658       681       735       942      1709       714 
    19 Oct 2016              154.58         0        -1        -1        -1       320        -1       610        -1       598       793       961      1596       773 
    26 Oct 2016              158.07         0        -1        -1        -1        -1        -1        -1       774       787        -1        -1        -1       845 
    02 Nov 2016              165.13         0        -1        -1        -1        -1        -1        -1       623       650       893        -1      2823       790 
    09 Nov 2016              173.13         0        53       127       228       355       509       665       740       745      1075      1741      3397       879 
    16 Nov 2016              180.46         0        52       116       207       346       490       644       743       771      1016      1492      2415       903 
    23 Nov 2016              186.99         0        47       113       211       337       501       634       736       793      1191      1734      3222      1011 
    16 Dec 2016              193.55         0        37       108       195       325       472       626       714       750       859      1191      1841       842 
    17 Jan 2017              193.55         0        36        96       186       300       459       602       693       705       930      1401      4031       842 

