    27 Jan 2016                0.50        -1        -1        -1        -1        -1       114        -1       313       416       611      1355     76787       466 
    03 Feb 2016                3.05        -1        -1        -1        -1        -1        -1        -1       326       416        -1    139763        -1       545 
    11 Feb 2016               11.01        -1        -1        -1        -1        -1        -1        -1       335       428        -1    169615        -1       455 
    18 Feb 2016               17.42        -1        -1        -1        32        66       131       222       336       425       463       392       399       449 
    25 Feb 2016               25.23         0         0         1        29        68       134       336       337       415       446        -1        -1       439 
    03 Mar 2016               32.64         0         1         5        32        70       123       224       338       421       444       469       485       437 
    10 Mar 2016               40.40         0         0         3        27        67       120       217       333       423       463       458       485       452 
    01 Apr 2016               47.87         0        -1        -1        -1        -1        -1        -1        -1        -1        -1        -1        -1       440 
    04 Apr 2016               50.94         0         0         7        33        69       130       221       334       421       451       462       490       447 
    14 Apr 2016               59.38         0        -1        17        53       100       173       288       377       448       466       505        -1       464 
    15 Apr 2016               59.38        -1        -1        -1        -1        -1        -1        -1        -1       416        -1       462       515       439 
    18 Apr 2016               59.43        -1        -1        -1        -1        -1        -1        -1        -1       410        -1       458       475       439 
    11 May 2016               63.97         0         2        17        61       132       218       370       495       579       594       638        -1       609 
    26 May 2016               77.94         0         2        12        57       116       207       342       496       578       612       691       951       623 
    15 Jun 2016               89.81         0         4        19        62       126       220       361       509       593       633       672      1307       418 
    29 Jun 2016               95.44         0         4        16        62       115       220       348       510       588       624       702       903       614 
    06 Jul 2016              104.24         0         6        16        55       119       215       351       491       581       665       859      2169       614 
    13 Jul 2016              113.27         0         7        21        63       124       221       358       498        -1        -1        -1        -1       635 
    15 Jul 2016              115.52        -1        -1        -1        -1        -1        -1        -1        -1       595       744       906      2592        -1 
    20 Jul 2016              120.90         0         7        19        62       124       217       357       511       600       651       759      1053       639 
    03 Aug 2016              135.62         0         6        20        68       128       224       374       515       626       658       730        -1       643 
    10 Aug 2016              142.40         0         1        17        59       116       214       343       495       595       648        -1        -1       610 
    31 Aug 2016              152.13         0         1        12        47       110       205       344       484       576       649       799      1765       619 
    21 Sep 2016              154.06         0        -1        -1        -1        -1        -1        -1        -1        -1        -1        -1        -1       382 
    28 Sep 2016              154.07        -1        -1        -1        -1        -1        -1        -1        -1        -1        -1        -1        -1       531 
    09 Oct 2016              154.42         0         1         8        34        79       164       265       403       513       553       619       870       538 
    19 Oct 2016              154.58         0        -1        -1        -1        91        -1       277        -1       446       584       638       836       579 
    26 Oct 2016              158.07         0        -1        -1        -1        -1        -1        -1       475       579        -1        -1        -1       639 
    02 Nov 2016              165.13         0        -1        -1        -1        -1        -1        -1       377       470       568        -1      1623       532 
    09 Nov 2016              173.13         0         4        13        52       109       193       319       472       564       666       889      1632       626 
    16 Nov 2016              180.46         0         5        12        46        99       182       301       452       567       624       825      1223       610 
    23 Nov 2016              186.99         0         5        11        44       104       185       295       451       569       693       941      1845       641 
    16 Dec 2016              193.55         0         2         7        39        89       166       285       418       549       608       716      1026       596 
    17 Jan 2017              193.55         0         2         6        32        81       157       259       404       513       618       871      2923       585 
