    27 Jan 2016                0.56        -1        -1        -1        -1        -1        -1      1412        -1      2190      2338      2529      2709      3392        -1      2609 
    03 Feb 2016                2.75        -1        -1        -1        -1        -1        -1        -1        -1        -1      2445      2509        -1      4059        -1        -1 
    11 Feb 2016               10.30        -1        -1        -1        -1       762      1157      1638      2072      2379      2500      2613      2923      4907     27000      2556 
    18 Feb 2016               16.09        -1        -1       201       421       726      1144      1592      2046      2328      2540      2635      2898      4573     20773      2526 
    25 Feb 2016               23.53        -1        -1        -1        -1        -1        -1        -1        -1      2499        -1        -1        -1        -1        -1        -1 
    03 Mar 2016               30.72        35        77       254       519       860      1284      1822      2275      2555      2616      2671      3116      5737     31033      2788 
    10 Mar 2016               38.41       867      1923      3626      3082      3625      7477      5889        -1      6881      3096      3400      3860      4795     22257      7074 
    04 Apr 2016               48.75         0        56       225       466       814      1258      1733      2199      2476      2595      2709      3162      5769     29585      2716 
    14 Apr 2016               56.51         0       144       362       653      1056      1530      2017      2403      2528      2718      3082      4087     17402    118810      3083 
    15 Apr 2016               56.53        -1        -1        -1        -1        -1        -1        -1        -1        -1        -1        -1        -1      9593     59699      2866 
    11 May 2016               60.16         0       114       314       615       989      1466      1946      2351      2568      2644      2855      3741     10641     74585      2851 
    15 May 2016               62.98        -1        -1        -1        -1        -1        -1        -1        -1        -1        -1        -1        -1        -1        -1      2799 
    18 May 2016               65.82         0        90       305       567       937      1410      1889      2326      2556      2597      2760      3467      8770     53860      2890 
    26 May 2016               72.41         0        -1        -1        -1        -1        -1        -1        -1        -1        -1        -1        -1        -1        -1        -1 
    15 Jun 2016               83.55         0       124       341       625      1013      1451      1925      2332      2532      2635      2983      3835     10963     74209      1894 
    29 Jun 2016               88.69         0        89       299       538       927      1375      1878      2304      2498      2576      2735      3331        -1     42050      2816 
    15 Jul 2016              107.10         0       309        -1       567       925      1402      1889      2317      2558      2612      2821      3346     45048        -1      2827 
    20 Jul 2016              112.30         0        98       315       631       989      1461      1990      2410      2671      2752      2933      3571      7411     48331      2943 
    03 Aug 2016              125.98         0        91       310       583       955      1465      1969      2425      2664      2664      2901      3389      6942     42057      2886 
    10 Aug 2016              132.38         0        77       273       528       844      1320      1792      2244      2470      2576      2653        -1        -1        -1      2733 
    07 Sep 2016              142.47         0        28       246       359       845      1289      1791      2259      2528      2623      2747      3039      4942     22588      2750 
    21 Sep 2016              142.63         0        -1        -1        -1        -1        -1        -1        -1        -1        -1        -1        -1        -1        -1      1828 
    28 Sep 2016              142.63         0        -1        -1        -1        -1        -1        -1        -1        -1        -1        -1        -1        -1        -1      2416 
    09 Oct 2016              142.72         0        42       167       376       647      1039        -1        -1        -1        -1        -1        -1        -1        -1        -1 
    12 Oct 2016              142.82         0        28        -1        -1       589       956      1387      1121      2113        -1      2404      2547      3259     10300      2378 
    19 Oct 2016              142.82         0        40       189       406        -1      1070      1537        -1        -1      2421      2497      2720      3927     10686        -1 
    26 Oct 2016              146.18         0        -1       209       454       767        -1        -1      2225      2443        -1      2683      2981      4289     15484      2681 
    02 Nov 2016              152.69         0        -1        -1       468       807      1213      1722        -1      2424      2568      2684        -1      4237     19460      2648 
    09 Nov 2016              160.48         0        75       252       496       828      1279      1753      2185      2489      2558      2673      2847      5051     24824      2604 
    16 Nov 2016              167.52         0        44       188       416       719      1128      1594      2069      2380      2543      2603      2784      3750     14425      2556 
    23 Nov 2016              173.46         0        45       196       416       713      1109      1619      2031      2344      2472      2630      2808      3949     14047      2565 
    16 Dec 2016              179.31         0        30        -1       376       670      1076      1515      1981      2311      2475      2539      2662      3995     11991      2559 
    17 Jan 2017              179.31         0        25       132       334       592       972      1398      1866      2261      2455      2503      2635      3214      7235      2543 

