    27 Jan 2016                0.56        -1        -1        -1        -1        -1        -1       504        -1       876       965      1025      1042      1058        -1      1090 
    03 Feb 2016                2.75        -1        -1        -1        -1        -1        -1        -1        -1        -1      1047      1068        -1      1168        -1        -1 
    11 Feb 2016               10.30        -1        -1        -1        -1       233       379       591       800       978      1070      1089      1105      1277      4498      1092 
    18 Feb 2016               16.09        -1        -1        38       115       218       378       566       792       954      1058      1078      1098      1220      3778      1090 
    25 Feb 2016               23.53        -1        -1        -1        -1        -1        -1        -1        -1       967        -1        -1        -1        -1        -1        -1 
    03 Mar 2016               30.72         0         7        43       129       237       384       598       800       985      1072      1075      1121      1261      4591      1112 
    10 Mar 2016               38.41         0         3        32       121       214       370       574        -1       956      1052      1085      1100      1171      3197      1104 
    04 Apr 2016               48.75         0         6        47       127       243       405       599       825       988      1057      1113      1111      1390      4964      1098 
    14 Apr 2016               56.51         0        23        96       190       337       512       729       946      1036      1093      1100      1146      2897     22664      1106 
    15 Apr 2016               56.53        -1        -1        -1        -1        -1        -1        -1        -1        -1        -1        -1        -1      1724     10761      1061 
    11 May 2016               60.16         0        22       117       295       502       816      1192      1547      1777      1839      1788      1746      2803     20417      1778 
    15 May 2016               62.98        -1        -1        -1        -1        -1        -1        -1        -1        -1        -1        -1        -1        -1        -1      2028 
    18 May 2016               65.82         0        18       116       283       495       821      1183      1573      1886      1943      1992      2084      2917     16450      2002 
    26 May 2016               72.41         0        -1        -1        -1        -1        -1        -1        -1        -1        -1        -1        -1        -1        -1        -1 
    15 Jun 2016               83.55         0        19       125       303       520       823      1210      1574      1850      1957      1960      2077      3604     21305      1337 
    29 Jun 2016               88.69         0        15       116       265       488       776      1178      1559      1824      1909      1960      1977        -1     12426      1960 
    15 Jul 2016              107.10         0       117        -1       275       488       802      1179      1570      1864      1951      1973      1980     12710        -1      1975 
    20 Jul 2016              112.30         0        15       113       306       526       823      1236      1624      1932      2047      2056      2099      2695     13393      2074 
    03 Aug 2016              125.98         0        13       111       288       497       840      1227      1636      1938      1938      2062      2071      2665     11919      2049 
    10 Aug 2016              132.38         0         0         0         0         0         0         0         0         0         0         0        -1        -1        -1         0 
    07 Sep 2016              142.47         0         4        77       170       438       709      1102      1494      1793      1960      1999      2012      2273      6718      1980 
    21 Sep 2016              142.63         0        -1        -1        -1        -1        -1        -1        -1        -1        -1        -1        -1        -1        -1      1300 
    28 Sep 2016              142.63         0        -1        -1        -1        -1        -1        -1        -1        -1        -1        -1        -1        -1        -1      1766 
    09 Oct 2016              142.72         0         6        45       164       326       547        -1        -1        -1        -1        -1        -1        -1        -1        -1 
    12 Oct 2016              142.82         0         4        -1        -1       291       491       805       711      1454        -1      1775      1773      1863      2949      1765 
    19 Oct 2016              142.82         0         4        45       172        -1       584       913        -1        -1      1805      1853      1860      1970      3434        -1 
    26 Oct 2016              146.18         0        -1        59       202       379        -1        -1      1440      1729        -1      1991      1975      2158      4532      1965 
    02 Nov 2016              152.69         0        -1        -1       205       410       667      1021        -1      1715      1869      1943        -1      2175      5913      1938 
    09 Nov 2016              160.48         0        10        79       231       420       693      1054      1435      1771      1908      1941      1906      2216      7298      1920 
    16 Nov 2016              167.52         0         5        48       185       359       607       954      1315      1666      1863      1907      1905      2045      4360      1905 
    23 Nov 2016              173.46         0         5        51       180       360       607       955      1293      1623      1832      1923      1919      2024      4299      1901 
    16 Dec 2016              179.31         0         4        -1       161       335       579       894      1274      1607      1847      1908      1923      2069      3818      1926 
    17 Jan 2017              179.31         0         2        28       134       277       501       793      1158      1527      1784      1852      1879      1944      2691      1842 

