    27 Jan 2016                0.56        -1        -1        -1        -1        -1        -1       522        -1       889       976      1049      1119      1325        -1      1105 
    03 Feb 2016                2.75        -1        -1        -1        -1        -1        -1        -1        -1        -1      1055      1086        -1      1508        -1        -1 
    11 Feb 2016               10.30        -1        -1        -1        -1       247       395       605       814       993      1086      1114      1222      1712      5659      1117 
    18 Feb 2016               16.09        -1        -1        46       125       232       393       583       805       961      1067      1102      1210      1639      4857      1108 
    25 Feb 2016               23.53        -1        -1        -1        -1        -1        -1        -1        -1       980        -1        -1        -1        -1        -1        -1 
    03 Mar 2016               30.72         0        10        50       141       252       401       616       823       998      1086      1097      1261      1744      5823      1152 
    10 Mar 2016               38.41         0         6        39       131       229       390       592        -1       970      1063      1105      1212      1540      4208      1128 
    04 Apr 2016               48.75       186        70       571       408       299       624      1365      1087      1578      1170      1260      1366      2009      7514      1361 
    14 Apr 2016               56.51       283       272       177       601       426       752      1345      2159      1198      2056      1309      2568      4352     25634      1370 
    15 Apr 2016               56.53        -1        -1        -1        -1        -1        -1        -1        -1        -1        -1        -1        -1      2429     12600      1112 
    11 May 2016               60.16        12        85       158       330       544       869      1255      1605      1875      1993      2077      2504      4435     24142      2100 
    15 May 2016               62.98        -1        -1        -1        -1        -1        -1        -1        -1        -1        -1        -1        -1        -1        -1      2157 
    18 May 2016               65.82       101        84       181       432       605       915      1244      1631      1965      2103      2138      2531      4179     19522      2172 
    26 May 2016               72.41        60        -1        -1        -1        -1        -1        -1        -1        -1        -1        -1        -1        -1        -1        -1 
    15 Jun 2016               83.55         0        28       145       326       551       859      1238      1598      1865      1981      2056      2505      4777     24519      1393 
    29 Jun 2016               88.69         2        23       129       286       514       806      1210      1610      1852      1929      2025      2325        -1     15142      2029 
    15 Jul 2016              107.10         0       132        -1       294       515       829      1206      1593      1886      1975      2055      2321     15386        -1      2050 
    20 Jul 2016              112.30         0        70       187       381       599       904      1346      1696      2018      2169      2138      2483      3799     16252      2144 
    03 Aug 2016              125.98       101       116       253       550       597      1171      1427      1869      2224      2224      2233      2608      3885     14681      2286 
    10 Aug 2016              132.38        46       113       256       382       561       916      1335      1683      1971      2107      2201        -1        -1        -1      2097 
    07 Sep 2016              142.47       110        69      1697       434      1192      1335      1937      2322      1940      2107      2189      2489      3329      8865      2117 
    21 Sep 2016              142.63      2983        -1        -1        -1        -1        -1        -1        -1        -1        -1        -1        -1        -1        -1      3910 
    28 Sep 2016              142.63      1882        -1        -1        -1        -1        -1        -1        -1        -1        -1        -1        -1        -1        -1      5884 
    09 Oct 2016              142.72         1        22        65       183       369       573        -1        -1        -1        -1        -1        -1        -1        -1        -1 
    12 Oct 2016              142.82         0        80        -1        -1       347       587      1171       939      1527        -1      1906      2020      2450      4083      1952 
    19 Oct 2016              142.82        20         7        57       188        -1       612       939        -1        -1      1825      1879      2000      2492      4733        -1 
    26 Oct 2016              146.18       104        -1       429       721       948        -1        -1      1721      2213        -1      2378      2351      2849      6129      2281 
    02 Nov 2016              152.69        51        -1        -1       278       794       890      1116        -1      1817      3720      3326        -1      2799      7610      2132 
    09 Nov 2016              160.48         5        15        94       255       452       721      1083      1457      1791      1924      1979      2107      2950      9240      1957 
    16 Nov 2016              167.52        55        14        76       218       496       658      1040      1367      1775      1925      1962      2126      2711      5943      1967 
    23 Nov 2016              173.46        11        14        72       195       387       633       980      1339      1657      1852      1960      2054      2514      5702      1927 
    16 Dec 2016              179.31         0         6        -1       178       359       603       919      1296      1623      1864      1938      2017      2479      5095      1958 
    17 Jan 2017              179.31         0         4        36       148       298       526       820      1184      1553      1803      1875      1956      2282      3670      1863 

