    27 Jan 2016                0.50        -1        -1        -1        -1        -1      0.43        -1      0.76      0.95      1.27      2.58    134.71      1.00 
    03 Feb 2016                3.05        -1        -1        -1        -1        -1        -1        -1      0.64      0.79        -1    223.54        -1      1.00 
    11 Feb 2016               11.01        -1        -1        -1        -1        -1        -1        -1      0.76      0.95        -1    335.93        -1      1.00 
    18 Feb 2016               17.42        -1        -1        -1      0.13      0.21      0.35      0.53      0.78      0.96      1.04      0.89      0.91      1.00 
    25 Feb 2016               25.23      0.05      0.04      0.05      0.11      0.19      0.34      0.78      0.78      0.95      1.01        -1        -1      1.00 
    03 Mar 2016               32.64      0.13      0.06      0.06      0.12      0.19      0.32      0.54      0.78      0.97      1.01      1.08      1.26      1.00 
    10 Mar 2016               40.40      0.02      0.02      0.03      0.08      0.16      0.28      0.50      0.74      0.93      1.02      1.03      1.18      1.00 
    01 Apr 2016               47.87      0.01        -1        -1        -1        -1        -1        -1        -1        -1        -1        -1        -1      1.00 
    04 Apr 2016               50.94      0.01      0.01      0.02      0.08      0.16      0.30      0.51      0.76      0.94      1.01      1.06      1.27      1.00 
    14 Apr 2016               59.38      0.00        -1      0.04      0.12      0.22      0.38      0.62      0.81      0.96      1.03      1.31        -1      1.00 
    15 Apr 2016               59.38        -1        -1        -1        -1        -1        -1        -1        -1      0.95        -1      1.12      1.52      1.00 
    18 Apr 2016               59.43        -1        -1        -1        -1        -1        -1        -1        -1      0.93        -1      1.07      1.24      1.00 
    11 May 2016               63.97      0.00      0.00      0.03      0.10      0.22      0.37      0.62      0.82      0.95      0.98      1.10        -1      1.00 
    26 May 2016               77.94      0.13      0.04      0.06      0.12      0.21      0.36      0.56      0.80      0.93      0.99      1.14      1.69      1.00 
    15 Jun 2016               89.81      0.05      0.07      0.10      0.19      0.34      0.56      0.88      1.21      1.39      1.49      1.66      3.39      1.00 
    29 Jun 2016               95.44      0.05      0.05      0.07      0.14      0.23      0.39      0.59      0.83      0.95      1.01      1.18      1.63      1.00 
    06 Jul 2016              104.24      0.07      0.07      0.08      0.15      0.24      0.39      0.60      0.81      0.94      1.08      1.38      3.47      1.00 
    13 Jul 2016              113.27      0.06      0.06      0.09      0.15      0.24      0.39      0.59      0.80        -1        -1        -1        -1      1.00 
    15 Jul 2016              115.52        -1        -1        -1        -1        -1        -1        -1        -1        -1        -1        -1        -1        -1 
    20 Jul 2016              120.90      0.08      0.09      0.10      0.18      0.26      0.39      0.60      0.83      0.95      1.03      1.21      1.73      1.00 
    03 Aug 2016              135.62      0.05      0.06      0.08      0.16      0.24      0.38      0.61      0.81      0.97      1.02      1.15        -1      1.00 
    10 Aug 2016              142.40      0.13      0.06      0.09      0.15      0.24      0.40      0.60      0.83      0.98      1.06        -1        -1      1.00 
    31 Aug 2016              152.13      0.18      0.06      0.08      0.13      0.23      0.38      0.58      0.79      0.92      1.03      1.26      2.78      1.00 
    21 Sep 2016              154.06      0.13        -1        -1        -1        -1        -1        -1        -1        -1        -1        -1        -1      1.00 
    28 Sep 2016              154.07        -1        -1        -1        -1        -1        -1        -1        -1        -1        -1        -1        -1      1.00 
    09 Oct 2016              154.42      0.04      0.05      0.06      0.11      0.18      0.34      0.52      0.76      0.95      1.03      1.15      1.64      1.00 
    19 Oct 2016              154.58      0.04        -1        -1        -1      0.21        -1      0.52        -1      0.78      1.01      1.11      1.48      1.00 
    26 Oct 2016              158.07      0.00        -1        -1        -1        -1        -1        -1      0.76      0.91        -1        -1        -1      1.00 
    02 Nov 2016              165.13      0.22        -1        -1        -1        -1        -1        -1      0.73      0.89      1.06        -1      2.91      1.00 
    09 Nov 2016              173.13      0.09      0.07      0.08      0.14      0.23      0.36      0.55      0.77      0.91      1.07      1.41      2.58      1.00 
    16 Nov 2016              180.46      0.07      0.08      0.09      0.15      0.22      0.36      0.53      0.76      0.94      1.01      1.33      1.98      1.00 
    23 Nov 2016              186.99      0.07      0.09      0.10      0.15      0.23      0.35      0.51      0.73      0.90      1.08      1.44      2.78      1.00 
    16 Dec 2016              193.55      0.26      0.29      0.28      0.34      0.39      0.48      0.61      0.78      0.95      1.02      1.15      1.55      1.00 
    17 Jan 2017              193.55      0.22      0.24      0.23      0.27      0.35      0.44      0.59      0.75      0.89      1.03      1.33      3.75      1.00 
