    27 Jan 2016                0.56        -1        -1        -1        -1        -1        -1      0.47        -1      0.80      0.88      0.95      1.01      1.20        -1      1.00 
    03 Feb 2016                2.75        -1        -1        -1        -1        -1        -1        -1        -1        -1        -1        -1        -1        -1        -1        -1 
    11 Feb 2016               10.30        -1        -1        -1        -1      0.22      0.35      0.54      0.73      0.89      0.97      1.00      1.09      1.53      5.06      1.00 
    18 Feb 2016               16.09        -1        -1      0.04      0.11      0.21      0.35      0.53      0.73      0.87      0.96      0.99      1.09      1.48      4.38      1.00 
    25 Feb 2016               23.53        -1        -1        -1        -1        -1        -1        -1        -1        -1        -1        -1        -1        -1        -1        -1 
    03 Mar 2016               30.72      0.00      0.01      0.04      0.12      0.22      0.35      0.53      0.71      0.87      0.94      0.95      1.09      1.51      5.05      1.00 
    10 Mar 2016               38.41      0.00      0.01      0.03      0.12      0.20      0.35      0.53        -1      0.86      0.94      0.98      1.07      1.36      3.73      1.00 
    04 Apr 2016               48.75      0.14      0.05      0.42      0.30      0.22      0.46      1.00      0.80      1.16      0.86      0.93      1.00      1.48      5.52      1.00 
    14 Apr 2016               56.51      0.21      0.20      0.13      0.44      0.31      0.55      0.98      1.58      0.87      1.50      0.96      1.87      3.18     18.71      1.00 
    15 Apr 2016               56.53        -1        -1        -1        -1        -1        -1        -1        -1        -1        -1        -1        -1      2.18     11.32      1.00 
    11 May 2016               60.16      0.01      0.04      0.08      0.16      0.26      0.41      0.60      0.76      0.89      0.95      0.99      1.19      2.11     11.49      1.00 
    15 May 2016               62.98        -1        -1        -1        -1        -1        -1        -1        -1        -1        -1        -1        -1        -1        -1      1.00 
    18 May 2016               65.82      0.05      0.04      0.08      0.20      0.28      0.42      0.57      0.75      0.90      0.97      0.98      1.17      1.92      8.98      1.00 
    26 May 2016               72.41        -1        -1        -1        -1        -1        -1        -1        -1        -1        -1        -1        -1        -1        -1        -1 
    15 Jun 2016               83.55      0.00      0.02      0.10      0.23      0.40      0.62      0.89      1.15      1.34      1.42      1.48      1.80      3.43     17.60      1.00 
    29 Jun 2016               88.69      0.00      0.01      0.06      0.14      0.25      0.40      0.60      0.79      0.91      0.95      1.00      1.15        -1      7.46      1.00 
    15 Jul 2016              107.10      0.00      0.06        -1      0.14      0.25      0.40      0.59      0.78      0.92      0.96      1.00      1.13      7.50        -1      1.00 
    20 Jul 2016              112.30      0.00      0.03      0.09      0.18      0.28      0.42      0.63      0.79      0.94      1.01      1.00      1.16      1.77      7.58      1.00 
    03 Aug 2016              125.98      0.04      0.05      0.11      0.24      0.26      0.51      0.62      0.82      0.97      0.97      0.98      1.14      1.70      6.42      1.00 
    10 Aug 2016              132.38      0.02      0.05      0.12      0.18      0.27      0.44      0.64      0.80      0.94      1.01      1.05        -1        -1        -1      1.00 
    07 Sep 2016              142.47      0.05      0.03      0.80      0.21      0.56      0.63      0.92      1.10      0.92      1.00      1.03      1.18      1.57      4.19      1.00 
    21 Sep 2016              142.63      0.76        -1        -1        -1        -1        -1        -1        -1        -1        -1        -1        -1        -1        -1      1.00 
    28 Sep 2016              142.63      0.32        -1        -1        -1        -1        -1        -1        -1        -1        -1        -1        -1        -1        -1      1.00 
    09 Oct 2016              142.72        -1        -1        -1        -1        -1        -1        -1        -1        -1        -1        -1        -1        -1        -1        -1 
    12 Oct 2016              142.82      0.00      0.04        -1        -1      0.18      0.30      0.60      0.48      0.78        -1      0.98      1.03      1.25      2.09      1.00 
    19 Oct 2016              142.82        -1        -1        -1        -1        -1        -1        -1        -1        -1        -1        -1        -1        -1        -1        -1 
    26 Oct 2016              146.18      0.05        -1      0.19      0.32      0.42        -1        -1      0.75      0.97        -1      1.04      1.03      1.25      2.69      1.00 
    02 Nov 2016              152.69      0.02        -1        -1      0.13      0.37      0.42      0.52        -1      0.85      1.74      1.56        -1      1.31      3.57      1.00 
    09 Nov 2016              160.48      0.00      0.01      0.05      0.13      0.23      0.37      0.55      0.74      0.92      0.98      1.01      1.08      1.51      4.72      1.00 
    16 Nov 2016              167.52      0.03      0.01      0.04      0.11      0.25      0.33      0.53      0.69      0.90      0.98      1.00      1.08      1.38      3.02      1.00 
    23 Nov 2016              173.46      0.01      0.01      0.04      0.10      0.20      0.33      0.51      0.69      0.86      0.96      1.02      1.07      1.30      2.96      1.00 
    16 Dec 2016              179.31      0.00      0.00        -1      0.09      0.18      0.31      0.47      0.66      0.83      0.95      0.99      1.03      1.27      2.60      1.00 
    17 Jan 2017              179.31      0.00      0.00      0.02      0.08      0.16      0.28      0.44      0.64      0.83      0.97      1.01      1.05      1.22      1.97      1.00 

