25	100	1000
layer1_strips12	1034		20.7656 4.9611		0		18.5876 8.49331		
layer1_strips23	1120		22.8632 4.25044		0		21.4488 4.95101		
layer2_strips12	889		36.1661 6.09577		0		35.6656 1.0756		
layer2_strips23	1211		32.8319 6.30967		0		30.7645 7.73982		
layer3_strips12	1190		32.1254 7.95854		0		33.0663 2.62952		
layer3_strips23	1491		26.2848 6.17599		0		26.5398 5.18356		
layer4_strips12	905		6007.47 8.51812		0		5988.11 0.408248		
layer4_strips23	1162		10432.2 7.38143		4		9858.87 49.7734		
layer5_strips12	967		18.9278 5.20323		0		14.4412 7.90794		
layer5_strips23	1002		19.7838 5.63842		0		15.5669 6.27079		
layer6_strips12	1408		17.7991 5.11003		0		17.7277 5.65946		
layer6_strips23	1189		17.5641 6.87069		0		14.8288 2.5516		
