25	100	1000
layer1_strips12	637		33.7685 6.92232		0		27.3907 3.26762		
layer1_strips23	614		37.1092 6.33964		4		34.2061 2.32261		
layer2_strips12	640		63.3195 6.03972		4		58.8699 2.78612		
layer2_strips23	638		79.7071 8.31246		4		72.2803 4.47645		
layer3_strips12	732		62.4893 6.16502		0		48.7727 98.2637		
layer3_strips23	685		90.8109 8.60741		4		52.4137 70.4468		
layer4_strips12	900		4870.36 8.03508		0		4839.78 0.409273		
layer4_strips23	1016		8822.08 7.66353		0		8798.74 0.431308		
layer5_strips12	675		58.7345 7.00905		4		21.2001 47.6635		
layer5_strips23	689		67.5877 8.28105		4		36.0346 30.7571		
layer6_strips12	990		42.3948 8.4713		0		32.7512 4.03543		
layer6_strips23	924		51.9378 7.93329		0		38.3573 66.093		
