25	100	1000
layer1_strips12	598		1033.87 9.29629		4		831.168 20.0844		
layer1_strips23	598		822.361 11.3068		4		489.769 57.017		
layer2_strips12	610		1403.62 9.90043		0		1363.56 4.16485		
layer2_strips23	589		1367.85 9.33008		4		1295.54 11.4457		
layer3_strips12	601		951.417 9.56332		4		828.219 35.0259		
layer3_strips23	589		1345.94 9.38445		0		1230.82 128.647		
layer4_strips12	600		1522.83 9.4893		4		639.28 44.588		
layer4_strips23	581		2707.89 66.0262		0		2637.76 4.43142		
layer5_strips12	600		759.163 24.6712		0		754.328 1.52253		
layer5_strips23	599		969.962 36.3999		4		430.437 64.1605		
