25	100	1000
layer1_strips12	712		29.6833 3.96636		0		0.296835 12.1358		
layer1_strips23	3289		15.0888 7.00031		0		0.150892 18.2696		
layer2_strips12	1603		47.6215 4.50578		0		30.7356 0.574481		
layer2_strips23	1004		42.6808 4.1947		0		0.426808 34.1471		
layer3_strips12	840		50.0644 8.02938		0		0.500645 24.7787		
layer3_strips23	644		43.5875 3.9951		0		0.435887 396.443		
layer4_strips12	1422		1180.9 9.60478		0		1140.62 0.412466		
layer4_strips23	1191		2314.76 3.49168		0		2294.86 0.389927		
layer5_strips12	706		60.9982 6.89948		4		0.673846 63.8193		
layer5_strips23	2415		37.3404 4.76175		0		58.9943 4.64068		
