25	100	1000
layer1_strips12	1003		3014.75 101.486		4		30.5346 1.12605		
layer1_strips23	1314		1747.81 43.7611		4		497.594 241.572		
layer2_strips12	1513		1541.48 25.9737		4		1358.8 20.7763		
layer2_strips23	947		1374.75 29.1471		4		559.03 41.2972		
layer3_strips12	1019		957.844 41.2898		4		412.843 34.591		
layer3_strips23	1019		627.043 10.0692		4		111.193 24.7562		
layer4_strips12	503		1395.97 53.2343		0		1373.82 6.72102		
layer4_strips23	543		2752.77 35.7175		4		2708.08 6.89987		
layer5_strips12	840		357.033 29.9519		4		76.1478 21.0887		
layer5_strips23	1176		435.789 22.3922		0		427.445 3.03912		
