25	100	1000
layer1_strips12	1326		180.583 6.75285		0		142.53 0.420415		
layer1_strips23	605		263.917 7.02097		0		161.056 0.611171		
layer2_strips12	613		484.596 10.6101		0		452.695 14.6819		
layer2_strips23	484		196.566 5.89882		0		175.976 17.0905		
layer3_strips12	903		470.845 10.5662		0		499.778 58.026		
layer3_strips23	613		405.248 14.2644		4		393.616 13.6126		
layer4_strips12	904		1167.65 12.9496		0		1197.17 7.84979		
layer4_strips23	538		1762.84 10.7956		0		1792.18 3.19456		
layer5_strips12	772		602.797 8.20719		4		579.253 66.2393		
layer5_strips23	662		645.368 7.66729		0		675.836 29.947		
layer6_strips12	908		275.973 6.75447		4		309.119 3.56337		
layer6_strips23	574		335.847 8.17763		4		318.043 95.1831		
