25	100	1000
layer1_strips12	465		28.7822 3.6955		0		18.4069 4.92019		
layer1_strips23	694		20.4058 6.54201		4		16.0891 7.49078		
layer2_strips12	882		70.5426 5.36506		0		63.9692 3.66186		
layer2_strips23	375		86.2367 6.53573		4		19.8908 51.2535		
layer3_strips12	586		58.1458 5.05451		0		15.1351 6.64107		
layer3_strips23	458		62.0489 4.77632		4		24.3223 0.153074		
layer4_strips12	813		1256.23 7.61996		0		1253.46 2.49877		
layer4_strips23	396		2290.6 5.61905		0		2280.05 0.681994		
layer5_strips12	412		86.6044 8.69184		0		7.4227 3.53255e-06		
layer5_strips23	430		78.1808 10.0254		0		0.78181 139.519		
