25	100	1000
layer1_strips12	2228		1151.01 9.4885		0		47.3549 0.143447		
layer1_strips23	2834		1253.19 8.03347		-1		1408.24 0		
layer2_strips12	456		1518.69 10.3431		0		1652.35 15.7029		
layer2_strips23	741		1246.22 9.59593		4		1327.43 79.4533		
layer3_strips12	358		1161.72 12.0908		4		1098.47 130.029		
layer3_strips23	510		1401.39 10.0372		0		1625.03 64.1658		
layer4_strips12	249		1455.01 7.57202		0		1680.27 25.3229		
layer4_strips23	383		2325.18 53.6779		0		2592.23 18.584		
layer5_strips12	293		1130.38 53.1773		0		1389.41 1.52974		
layer5_strips23	228		1473.56 32.4338		4		1389.72 34.1188		
layer6_strips12	542		1094.4 5.49404		4		797.052 90.1212		
layer6_strips23	584		1186.68 15.6051		4		1257.92 31.4636		
