25	100	1000
layer1_strips12	802		25.5286 9.76391		0		28.7689 2.07869		
layer1_strips23	800		44.1565 11.6129		0		39.6572 3.90179		
layer2_strips12	2507		88.7819 8.31381		0		64.6119 2.42317		
layer2_strips23	698		54.7696 8.66307		0		30.6436 0.475113		
layer3_strips12	1057		98.6974 7.98255		0		87.1797 11.8579		
layer3_strips23	607		116.451 7.73599		4		16.1619 21.4891		
layer4_strips12	562		630.437 8.20415		0		619.454 10.5422		
layer4_strips23	475		1087.38 6.09201		0		1093.1 1.16872		
layer5_strips12	221		183.299 5.7405		4		130.624 175.91		
layer5_strips23	587		170.537 26.3194		0		162.698 5.51722		
layer6_strips12	532		94.9025 6.93059		4		24.6565 23.9501		
layer6_strips23	423		100.686 6.40394		0		66.8435 146.946		
