25	100	1000
layer1_strips12	919		404.411 10.5825		0		341.937 105.708		
layer1_strips23	427		447.264 9.18851		0		453.096 0.646846		
layer2_strips12	1291		803.679 6.6444		4		363.337 30.1145		
layer2_strips23	751		790.689 9.79324		0		802.506 30.19		
layer3_strips12	541		643.01 11.4924		4		669.573 168.846		
layer3_strips23	330		836.833 7.9034		4		926.952 1.01731		
layer4_strips12	423		1613.8 24.0418		0		1628.04 0.834398		
layer4_strips23	378		2241.15 19.6863		4		1319.99 66.0885		
layer5_strips12	343		925.564 122.909		0		1137.15 6.64352		
layer5_strips23	299		1075.58 12.2947		4		1029.82 9.94215		
layer6_strips12	359		495.157 13.3818		0		537.122 6.44092		
layer6_strips23	369		560.107 16.7819		4		219.903 42.8748		
