25	100	1000
layer1_strips12	499		96.7104 6.4161		0		234.534 1.28263		
layer1_strips23	654		148.169 7.91717		0		174.301 0.493938		
layer2_strips12	621		550.682 7.15507		0		606.318 2.46129		
layer2_strips23	457		606.552 6.67416		4		598.208 107.449		
layer3_strips12	526		512.213 7.2468		0		528.93 125.617		
layer3_strips23	533		592.841 6.02619		0		647.266 6.72286		
layer4_strips12	392		1609.17 8.41349		4		1699.77 29.6312		
layer4_strips23	879		2176.94 6.95599		0		2346.63 28.8499		
layer5_strips12	641		782.49 8.14496		4		901.744 9.07767		
layer5_strips23	445		837.122 9.59596		0		1018.34 7.3843		
layer6_strips12	634		362.832 7.06358		0		423.541 5.05619		
layer6_strips23	531		412.283 7.97255		4		433.396 54.0017		
