25	100	1000
layer1_strips12	1004		33.9793 8.55351		0		79.9052 2.81552		
layer1_strips23	463		77.9735 8.17723		4		78.4302 61.6303		
layer2_strips12	546		276.368 8.97443		0		289.745 4.95925		
layer2_strips23	1173		267.867 8.32366		0		266.221 0.388955		
layer3_strips12	398		365.593 10.1388		0		448.544 11.0452		
layer3_strips23	324		401.171 8.18572		0		417.849 7.2634		
layer4_strips12	402		1234.82 6.6945		4		1131.89 116.965		
layer4_strips23	361		1690.76 11.3702		0		1790.26 39.4403		
layer5_strips12	447		602.166 8.40353		0		675.144 4.14122		
layer5_strips23	287		632.936 7.97949		0		707.015 37.4988		
layer6_strips12	357		282.625 7.55968		0		321.436 7.92672		
layer6_strips23	296		302.772 20.8993		4		60.2244 21.3556		
