Effective N of Points	frMinfrMax
20	100	1000
Title	I_max	I_meas	dI_stat	dI_sys	dI_tot	status
layer1_strips12_300V	541	2352.87	1.05476	0	1.05476	4
layer1_strips23_300V	583	2945.34	1.51764	0	1.51764	4
layer2_strips12_300V	440	7.10737	0.0191682	-0.087312	0.0893913	0
layer2_strips23_300V	419	7.33609	0.0222233	-0.112713	0.114883	0
layer3_strips12_300V	498	2797.11	1.2937	0	1.2937	4
layer3_strips23_300V	486	3626.6	0.0178501	-0.756506	0.756717	0
layer4_strips12_300V	441	93.3328	0.121829	-10.9088	10.9095	0
layer4_strips23_300V	395	90.3243	0.157873	-12.5477	12.5487	0
layer5_strips12_300V	431	6612.29	0.409318	-41.0882	41.0902	0
layer5_strips23_300V	445	7011.52	1.35538	-61.0819	61.0969	0
